simulationId,cowboyCount,seed,starterId,winnerId,winnerOffsetFromStarter,totalShots,winnerRemainingHp,winnerShotsFired,winnerKills,winnerTotalDamageDealt
1,3,7622549244507814510,0,2,2,8,2,4,2,15
2,3,-176823638348867382,0,1,1,11,1,4,2,9
3,3,4653291594555506559,0,0,0,10,2,6,2,20
4,3,-5429547764223392703,0,1,1,11,2,5,2,13
5,3,1354699720820100286,0,1,1,10,4,3,2,5
6,3,-8558099095430985091,0,0,0,12,2,5,1,15
7,3,7566729063232618657,0,2,2,9,2,3,1,11
8,3,-8796280036588025189,0,0,0,8,6,3,1,7
9,3,-1904176087077157359,0,1,1,12,3,5,2,10
10,3,-5950808297819701377,0,0,0,13,4,5,2,8
11,3,8202580055274905697,0,1,1,7,1,2,1,5
12,3,2069697956329713381,0,0,0,10,3,6,2,20
13,3,2331882227666649723,0,0,0,10,1,4,1,11
14,3,-6907155114764864074,0,1,1,11,2,3,1,9
15,3,5743542032431768924,0,1,1,9,4,3,2,7
16,3,1754090216629634460,0,0,0,9,4,5,2,16
17,3,3000933636146778561,0,1,1,10,4,3,1,10
18,3,-818370409442154536,0,2,2,10,2,4,1,14
19,3,-6494085369291419358,0,1,1,9,2,4,2,14
20,3,-4831476700427871918,0,0,0,9,5,4,1,14
21,3,-7164822578341529121,0,2,2,8,5,2,1,5
22,3,-6681209751587204111,0,0,0,10,2,4,1,9
23,3,-2785428037848741191,0,1,1,10,5,5,2,16
24,3,4092339821109795117,0,0,0,8,5,3,1,7
25,3,3063383483373029763,0,1,1,7,7,2,2,8
26,3,3373133630133326305,0,1,1,11,1,3,1,8
27,3,493181087642310936,0,1,1,10,5,4,2,12
28,3,-1746716152221018267,0,2,2,9,1,4,2,14
29,3,446462409193912975,0,0,0,10,2,5,2,13
30,3,1193011675842738652,0,1,1,10,1,3,1,7
31,3,4831360065858792877,0,0,0,11,1,5,2,16
32,3,8575571794862233545,0,1,1,10,3,2,1,4
33,3,345942164528489626,0,1,1,9,6,3,2,9
34,3,7448151043156876008,0,0,0,9,4,3,1,8
35,3,5239964932791844568,0,1,1,8,1,3,2,12
36,3,-9173191548526301637,0,0,0,10,2,5,2,10
37,3,-2161688254686019728,0,1,1,10,3,3,1,6
38,3,-4645889046326623902,0,2,2,9,4,4,2,14
39,3,-4846666793570864531,0,2,2,8,2,4,2,15
40,3,8504972586755124527,0,1,1,10,4,3,2,4
41,3,2012197841368315278,0,1,1,7,8,1,1,2
42,3,-6052823257482687111,0,1,1,10,5,3,2,4
43,3,8951238588419643446,0,1,1,10,1,3,1,8
44,3,8373285886730576944,0,2,2,11,3,4,2,8
45,3,-6024011126309681497,0,0,0,9,3,5,2,16
46,3,-3199751378429683278,0,2,2,10,5,5,2,15
47,3,-205079082719447953,0,0,0,10,3,5,2,16
48,3,-1230956723516543396,0,1,1,7,5,1,1,2
49,3,9009170572123666977,0,1,1,9,1,4,2,15
50,3,502512276757557602,0,1,1,12,5,4,1,5
51,3,-6468460926580581816,0,0,0,10,2,4,1,14
52,3,-1041959172619497245,0,0,0,11,4,5,2,12
53,3,-3176141123837156967,0,1,1,10,1,4,2,7
54,3,-1250743467814938825,0,1,1,10,1,4,2,10
55,3,2802790474057045607,0,1,1,11,1,3,1,8
56,3,1594636887908444555,0,1,1,12,2,4,2,7
57,3,2247049277431032667,0,2,2,10,3,3,1,9
58,3,-2141993941735040080,0,1,1,9,5,3,2,6
59,3,4950414587910089059,0,0,0,12,3,5,1,13
60,3,4024558437153402159,0,2,2,12,1,6,2,18
61,3,8460830073364808938,0,2,2,10,3,3,2,3
62,3,-8861481111054564448,0,1,1,10,5,4,2,11
63,3,5151774012177519178,0,2,2,8,3,4,2,17
64,3,6091217547875219003,0,0,0,11,3,4,1,11
65,3,-2747216630518444674,0,0,0,9,2,3,1,8
66,3,-3120053898601644369,0,0,0,11,1,5,2,16
67,3,3034305960001825052,0,0,0,9,2,4,1,15
68,3,530950165320721202,0,2,2,11,3,4,2,7
69,3,-3239810975889385343,0,1,1,7,9,2,2,8
70,3,8355546087979150809,0,1,1,12,1,5,2,14
71,3,-469783043654121139,0,0,0,10,4,4,1,9
72,3,-8860139790373583575,0,2,2,10,2,3,1,9
73,3,3078272170296328209,0,0,0,7,9,3,2,8
74,3,1861223411033487853,0,0,0,10,3,4,1,12
75,3,6371430372172172359,0,0,0,10,7,5,2,18
76,3,558336081978973769,0,0,0,13,1,5,1,13
77,3,-4684935535263414398,0,0,0,10,5,4,2,11
78,3,4274643094731897359,0,1,1,8,3,3,2,12
79,3,-974467266348133402,0,2,2,11,1,5,1,15
80,3,2876010997474373712,0,2,2,10,2,4,2,11
81,3,2556742473257242073,0,2,2,8,6,2,1,5
82,3,3881636367721409078,0,0,0,9,2,4,1,13
83,3,-4283235462372645638,0,0,0,8,5,4,2,11
84,3,-5435618743545341167,0,0,0,9,5,4,2,10
85,3,8287095643659210833,0,1,1,11,2,4,2,10
86,3,8922802869860413870,0,0,0,9,2,4,1,11
87,3,-8768726520343391800,0,1,1,8,7,4,2,16
88,3,4372297092407986927,0,0,0,8,7,4,2,12
89,3,1825614279441251546,0,0,0,10,3,5,2,12
90,3,-8762036456603649640,0,0,0,7,9,2,1,7
91,3,3126602431026017417,0,1,1,9,5,4,2,11
92,3,-6850303691888806042,0,1,1,7,6,2,2,10
93,3,-8236622947874188139,0,1,1,9,3,4,2,12
94,3,-7308026951116254363,0,0,0,9,5,4,2,13
95,3,7503361998593243626,0,1,1,9,5,2,1,5
96,3,-5497387776322637437,0,0,0,9,2,3,1,10
97,3,-1268344063882912167,0,0,0,9,5,3,1,9
98,3,-4537393245351792801,0,0,0,8,2,4,2,14
99,3,7007109389799046027,0,0,0,8,8,4,2,14
100,3,2541384518595445350,0,0,0,13,3,6,2,13
101,3,3350996714279151922,0,1,1,11,2,3,1,9
102,3,-6122081210866785503,0,1,1,8,7,2,1,4
103,3,3642725993278335616,0,1,1,7,6,1,1,2
104,3,-6310069696443000377,0,2,2,9,3,2,1,4
105,3,1047077068562554588,0,0,0,12,2,6,1,15
106,3,-6852892927081889767,0,0,0,10,3,4,2,7
107,3,-4257256642702636589,0,1,1,10,1,3,1,9
108,3,-5029367128408372113,0,0,0,11,1,5,1,17
109,3,7607616885527668300,0,1,1,8,1,3,2,6
110,3,26434227140393485,0,0,0,10,2,4,1,10
111,3,9209768725001713919,0,1,1,10,6,4,2,12
112,3,-3085924346636983622,0,2,2,10,3,5,2,17
113,3,8675964771217511976,0,1,1,12,2,4,2,10
114,3,4907356856337128851,0,0,0,8,3,4,2,14
115,3,-4666966213610434953,0,1,1,12,3,4,2,6
116,3,-4926837390399736036,0,1,1,12,1,5,2,15
117,3,-8336891457433127094,0,2,2,9,4,3,2,10
118,3,516544900739520151,0,0,0,11,2,5,2,12
119,3,-7283127629127876067,0,0,0,9,3,3,1,8
120,3,-1032635651569392488,0,1,1,11,1,5,2,14
121,3,7769363128375121728,0,2,2,7,3,2,1,6
122,3,-430746176916896039,0,1,1,11,4,4,1,8
123,3,8651847374258448331,0,1,1,12,3,5,2,16
124,3,2224671235021342026,0,1,1,9,2,3,1,8
125,3,-1465474966042121521,0,1,1,12,1,4,2,7
126,3,5232730891868007532,0,0,0,11,4,4,2,10
127,3,1361460470342695374,0,1,1,9,1,2,1,7
128,3,-1356467568661118753,0,0,0,10,1,4,1,11
129,3,-7614506031958753172,0,0,0,11,1,6,2,16
130,3,-8971519793056376775,0,0,0,10,4,4,2,11
131,3,3022396495612605285,0,1,1,11,3,4,2,11
132,3,8290662160158026520,0,2,2,12,1,5,2,11
133,3,3843035322279117505,0,0,0,9,2,4,1,13
134,3,-5189416922603801478,0,1,1,8,7,2,1,8
135,3,-5124300315598734522,0,0,0,12,3,5,1,13
136,3,3837517114234352203,0,1,1,10,1,2,1,4
137,3,-2950185444045550802,0,1,1,9,1,3,1,13
138,3,426757442594773823,0,0,0,7,9,2,1,7
139,3,-4820788126042546662,0,2,2,8,3,4,2,15
140,3,5946862575678741986,0,1,1,10,4,4,2,11
141,3,8974981299390694470,0,0,0,10,6,3,1,7
142,3,-6087080048868049684,0,0,0,10,4,5,2,14
143,3,-3281028519374219011,0,0,0,6,7,2,1,6
144,3,8805111005440957657,0,0,0,10,2,3,1,7
145,3,-945914340663370674,0,0,0,12,2,5,1,11
146,3,3620470311692998329,0,0,0,10,4,4,1,11
147,3,-7847918107806780417,0,1,1,12,2,4,2,6
148,3,-1981419207827807164,0,1,1,7,2,3,2,14
149,3,8917890496236750785,0,1,1,12,1,4,1,12
150,3,2436476489404250417,0,0,0,11,3,6,2,18
151,3,-8587433980523025243,0,0,0,9,2,5,2,18
152,3,-6769828358835675705,0,0,0,8,6,4,2,14
153,3,-3332833132237761586,0,1,1,9,2,4,2,12
154,3,6975984797426359987,0,0,0,8,4,4,2,13
155,3,-6059495332086747032,0,2,2,10,3,5,2,18
156,3,4452296053357995548,0,2,2,7,4,3,2,12
157,3,-4323948211146815272,0,1,1,9,4,2,1,6
158,3,3776308515824177652,0,0,0,12,2,5,2,6
159,3,-2448083839464855756,0,0,0,7,5,3,2,10
160,3,-2641245394580726895,0,0,0,6,9,2,1,6
161,3,2192876119456537845,0,1,1,8,2,3,2,8
162,3,-6690699831491533701,0,2,2,10,2,4,1,17
163,3,-8242276007236563477,0,1,1,10,5,3,1,6
164,3,-5642516344152327033,0,0,0,8,4,4,2,12
165,3,-3238749104845523344,0,1,1,9,8,2,1,7
166,3,-2814418992306178780,0,0,0,10,3,3,1,7
167,3,-5673131306224066336,0,0,0,14,1,7,2,15
168,3,29831252693456372,0,0,0,9,2,5,2,18
169,3,7016585409083752008,0,1,1,9,5,3,1,13
170,3,908195957096416926,0,0,0,9,5,3,1,8
171,3,-7531173376727640483,0,0,0,10,1,4,1,12
172,3,7209757496494277090,0,1,1,8,5,2,1,8
173,3,5291995938437694126,0,0,0,9,5,3,1,11
174,3,5880094698660718061,0,0,0,10,1,5,2,16
175,3,-7265269715823122147,0,0,0,11,4,4,1,10
176,3,-4873275261915122194,0,2,2,9,2,3,1,9
177,3,-1159345103379502709,0,2,2,12,3,4,2,4
178,3,-5555833939274768152,0,1,1,11,3,4,2,7
179,3,-6221400059438910766,0,1,1,12,3,4,1,12
180,3,-5951664687497584183,0,0,0,11,2,5,1,15
181,3,-5112357295890222344,0,1,1,11,2,5,2,16
182,3,-1298152709108151108,0,0,0,12,1,5,1,13
183,3,-6119810466464770400,0,0,0,8,9,3,2,6
184,3,2502297348298907067,0,1,1,8,5,3,2,10
185,3,5240029132549311427,0,1,1,7,4,3,2,10
186,3,2849857456777649255,0,1,1,14,1,4,1,4
187,3,5357231713588214688,0,0,0,8,6,4,2,14
188,3,2470418174820690203,0,0,0,8,1,5,2,20
189,3,-4205413717588758543,0,0,0,10,1,4,1,8
190,3,-190994909066885314,0,0,0,12,2,6,2,14
191,3,5643015977550698334,0,1,1,8,1,2,1,6
192,3,-6149718818074887976,0,1,1,9,6,2,1,5
193,3,-5292947416913470154,0,1,1,11,2,3,1,8
194,3,7725237031423721319,0,0,0,8,6,3,2,10
195,3,-5657309207377328036,0,1,1,7,5,3,2,10
196,3,5671188520636863987,0,1,1,10,3,3,2,6
197,3,-8067556877535570561,0,1,1,10,1,3,2,6
198,3,1388559965909645408,0,2,2,13,2,6,2,18
199,3,-1541781829703729011,0,0,0,8,7,2,1,6
200,3,-4692008703275938814,0,0,0,9,5,3,1,7
201,3,5921825753287209320,0,1,1,10,1,3,1,8
202,3,-7215400166977438346,0,1,1,10,3,3,1,8
203,3,7205195152113270746,0,0,0,10,7,4,2,11
204,3,8555390363154737071,0,1,1,8,8,3,2,8
205,3,-6544356438121168186,0,2,2,10,1,4,2,14
206,3,-24092370755839921,0,1,1,7,4,2,1,5
207,3,-840322277581955423,0,1,1,10,1,3,1,6
208,3,5998048010865198391,0,2,2,8,7,3,2,9
209,3,-4847606256852973793,0,0,0,12,3,6,2,14
210,3,-2380848368725129375,0,0,0,7,7,2,1,3
211,3,5147840700923570224,0,0,0,9,4,5,2,18
212,3,-1353014960296005908,0,1,1,7,6,1,1,2
213,3,-1598501290525054419,0,0,0,8,5,3,2,10
214,3,1961923140490118264,0,0,0,12,1,5,1,11
215,3,-8505615486224464562,0,0,0,10,4,5,2,16
216,3,3517719450423692212,0,0,0,11,4,5,2,12
217,3,3105389479535564896,0,0,0,11,1,4,1,8
218,3,5214840725170559796,0,1,1,11,1,4,1,12
219,3,6293562631990310579,0,0,0,10,2,5,2,13
220,3,-3335407372536324729,0,1,1,11,3,4,2,10
221,3,4329349046570819928,0,0,0,9,5,4,2,10
222,3,-3946251753802068088,0,1,1,9,1,3,1,8
223,3,-2497641178949689460,0,0,0,11,2,5,1,16
224,3,-1598467579073753100,0,0,0,8,5,3,1,9
225,3,-7219157151722771858,0,0,0,11,3,4,1,9
226,3,-4661110030385310659,0,0,0,14,2,6,2,11
227,3,7268898499307905016,0,1,1,11,3,4,2,10
228,3,5073513302777484957,0,0,0,11,2,5,2,8
229,3,-4340584654648921812,0,1,1,9,4,3,2,8
230,3,5747655616131207533,0,1,1,9,2,3,1,8
231,3,-853986668421251187,0,0,0,9,3,4,2,8
232,3,-6485978991128421450,0,1,1,9,1,3,1,11
233,3,5768638224355024336,0,1,1,9,2,3,2,10
234,3,2458075869634312968,0,2,2,9,4,4,2,12
235,3,-8489808341758400557,0,1,1,9,2,2,1,5
236,3,8024946309956992650,0,0,0,10,4,4,1,11
237,3,3052355172840400334,0,0,0,9,3,3,1,8
238,3,7442647678929516370,0,0,0,11,7,4,1,8
239,3,-8626307378104996153,0,1,1,8,7,2,1,6
240,3,4089073642559267318,0,2,2,9,2,3,1,7
241,3,-2236296439523492277,0,0,0,11,3,4,1,12
242,3,3016743768788637027,0,0,0,12,3,5,1,12
243,3,4188166251872219482,0,0,0,12,5,5,1,13
244,3,-3762730370391684372,0,2,2,9,4,3,2,7
245,3,3740820769933958818,0,2,2,10,2,5,2,16
246,3,2497223835397723045,0,1,1,9,4,4,2,10
247,3,1245211740268461552,0,2,2,11,1,4,1,7
248,3,3596120228953640690,0,0,0,12,1,6,2,18
249,3,-8485958391061015837,0,0,0,9,7,4,2,10
250,3,-3530187989459650982,0,0,0,6,7,3,2,10
251,3,1557329990257135330,0,1,1,10,5,3,2,8
252,3,-5014070775909231968,0,0,0,10,2,5,2,14
253,3,8185066700082241103,0,0,0,9,5,4,2,9
254,3,1187857640806559252,0,1,1,9,7,3,2,10
255,3,4592621929158808828,0,2,2,10,3,3,1,6
256,3,-2733519790676682714,0,0,0,11,2,6,2,18
257,3,-9010965276370915874,0,0,0,11,5,4,1,9
258,3,3441661738905144891,0,1,1,10,4,2,1,2
259,3,-1194913879455673857,0,2,2,11,2,4,1,12
260,3,4193196702897053123,0,0,0,10,1,5,2,12
261,3,506810623762930361,0,2,2,11,1,4,2,12
262,3,-5265939102537952373,0,0,0,8,5,4,2,16
263,3,8342510994338939680,0,1,1,12,2,4,1,11
264,3,5449764782182861903,0,0,0,8,7,3,1,9
265,3,9057600608023772352,0,0,0,9,3,5,2,18
266,3,4141399907197696659,0,2,2,11,5,5,2,14
267,3,-6377290153117213817,0,0,0,10,1,6,2,20
268,3,4028413048081249714,0,1,1,10,1,3,1,6
269,3,-4936952770567959292,0,2,2,8,4,4,2,15
270,3,-3833402471891802570,0,1,1,12,2,5,2,14
271,3,-611234609857737006,0,2,2,9,7,2,1,6
272,3,1836329554843149162,0,1,1,9,4,3,1,8
273,3,-6271604032169027506,0,2,2,8,4,2,1,9
274,3,-7649378181101267410,0,1,1,12,4,3,2,5
275,3,-4117742096427242609,0,1,1,11,4,4,1,8
276,3,-426418587539229430,0,2,2,11,1,4,1,10
277,3,-3482144798703779433,0,1,1,9,3,3,2,8
278,3,-4380576730621465212,0,0,0,11,3,5,2,17
279,3,471985320383546821,0,2,2,10,3,3,1,11
280,3,3767412502644510389,0,1,1,9,6,3,1,12
281,3,-3981726802433878898,0,0,0,7,8,3,2,8
282,3,-7129907778307929831,0,2,2,10,1,4,1,14
283,3,353075872508588396,0,1,1,10,2,4,2,14
284,3,8933881702211590055,0,0,0,8,6,4,2,10
285,3,5870060683144538133,0,0,0,8,4,4,2,13
286,3,-6167737670428187103,0,0,0,10,3,5,2,12
287,3,-1481915643660530448,0,1,1,10,4,4,2,10
288,3,-42555890764871508,0,2,2,10,1,3,1,10
289,3,4789677843557388484,0,2,2,10,1,5,2,15
290,3,5603914325809731747,0,2,2,8,2,4,2,15
291,3,2257671157984811954,0,1,1,11,3,4,2,10
292,3,-3981914003719714137,0,2,2,11,2,5,2,12
293,3,-1854622150355557531,0,1,1,12,2,3,1,9
294,3,5561257292223402490,0,0,0,9,3,4,1,15
295,3,-4884363201328877433,0,2,2,12,1,5,2,11
296,3,-4139487150730386163,0,1,1,10,5,3,1,5
297,3,3760748672159352694,0,1,1,12,4,3,1,7
298,3,-8354605131265263785,0,1,1,9,1,4,2,12
299,3,-5942291489905924041,0,0,0,10,2,5,2,14
300,3,-6366786982554665881,0,2,2,14,2,4,1,6
301,3,4987517799179524522,0,0,0,10,7,5,2,12
302,3,2993790680894572604,0,0,0,10,2,4,1,9
303,3,9148108519035745279,0,1,1,10,2,4,2,12
304,3,356053416089542868,0,1,1,11,4,4,2,10
305,3,-1153170656627237272,0,2,2,11,1,5,2,18
306,3,2893755259742999810,0,0,0,8,2,3,1,11
307,3,-2846964163748940784,0,1,1,10,3,3,1,8
308,3,3066658862155213956,0,1,1,9,4,4,2,10
309,3,-2727414419329055670,0,2,2,10,2,4,2,10
310,3,-4763808482497477292,0,1,1,11,1,5,2,13
311,3,-4663998541886316019,0,1,1,12,1,5,2,14
312,3,3401440039618196030,0,1,1,9,4,3,2,6
313,3,8411459461634897568,0,0,0,9,4,4,1,15
314,3,7940202431231995570,0,1,1,10,1,4,2,12
315,3,2320893009249504145,0,1,1,11,7,3,1,4
316,3,-1189509341924688933,0,0,0,10,5,4,1,13
317,3,5352533821174972395,0,0,0,9,6,4,1,13
318,3,1832868611604740847,0,0,0,8,6,3,1,9
319,3,-2456234631830758233,0,1,1,7,5,2,2,4
320,3,-1089146873941124920,0,1,1,11,1,3,1,5
321,3,-4830145270073459614,0,1,1,12,1,4,2,9
322,3,4591227604811538100,0,1,1,12,1,4,1,9
323,3,-7517952184663344560,0,0,0,10,2,4,1,13
324,3,2759393873959435400,0,0,0,10,5,3,1,7
325,3,-3192076090308535184,0,1,1,7,4,3,2,11
326,3,-3518252645608431621,0,1,1,8,3,2,1,8
327,3,-6678954914849788671,0,1,1,12,1,4,1,8
328,3,1051009122719280432,0,2,2,11,1,4,2,9
329,3,-199266881384466636,0,1,1,10,2,4,2,13
330,3,-562237344018420588,0,0,0,9,1,4,1,12
331,3,4631360110322506530,0,1,1,8,8,1,1,1
332,3,-6088734372525309462,0,1,1,9,7,3,2,6
333,3,-4567376467868996353,0,0,0,11,6,6,2,16
334,3,-6043706588882026333,0,0,0,8,5,4,2,10
335,3,-2435838256127503472,0,1,1,7,7,2,2,8
336,3,6756029625274839410,0,0,0,8,6,4,2,14
337,3,3064267014396074458,0,1,1,10,4,3,2,4
338,3,-7107167595673559776,0,0,0,10,1,5,2,15
339,3,7914520723125430299,0,1,1,8,5,2,1,4
340,3,-3939801719671590756,0,0,0,9,5,5,2,18
341,3,7447551660642179069,0,1,1,9,7,2,1,7
342,3,-3312509276445913515,0,0,0,12,3,6,2,18
343,3,1671232814223333385,0,1,1,8,1,3,2,8
344,3,-8997380063345516340,0,1,1,11,1,3,1,7
345,3,7066319119836090969,0,1,1,7,1,3,2,10
346,3,2051562411276173924,0,0,0,9,5,3,1,10
347,3,6633696047227603601,0,0,0,7,7,2,1,7
348,3,8053753224416136828,0,1,1,9,3,4,2,11
349,3,8081798847255029519,0,0,0,11,5,5,2,10
350,3,1686173169983516607,0,2,2,13,5,6,2,14
351,3,-6741191890070349471,0,2,2,11,3,5,2,14
352,3,7551669735035125690,0,0,0,9,4,3,1,11
353,3,817322641040841207,0,1,1,9,2,3,1,11
354,3,-7681608518701036626,0,1,1,8,7,2,1,6
355,3,6813244192803531545,0,0,0,10,1,4,1,9
356,3,-799567251315813721,0,1,1,8,3,4,2,16
357,3,6463463733073614618,0,0,0,10,5,5,2,12
358,3,-3603365709834776371,0,1,1,9,3,3,2,8
359,3,-7475064080194904626,0,0,0,9,2,4,2,11
360,3,-7141271899617235975,0,1,1,9,6,3,2,8
361,3,-3645313680115038920,0,0,0,12,4,5,2,12
362,3,-813606537018452598,0,1,1,8,4,3,2,10
363,3,6077188741552898440,0,0,0,10,1,6,2,20
364,3,-5889240790349597319,0,1,1,9,4,3,2,6
365,3,8460047888651790403,0,0,0,12,1,6,2,14
366,3,5811333872113808043,0,1,1,14,2,5,2,10
367,3,9061771253406507715,0,1,1,12,1,4,1,6
368,3,718880064193883270,0,0,0,8,4,3,1,13
369,3,-5732102379876084766,0,0,0,10,1,5,2,14
370,3,6742280374751132102,0,1,1,10,4,3,2,7
371,3,5181125386420020466,0,1,1,9,4,2,1,4
372,3,-834104396270075759,0,1,1,12,2,3,2,4
373,3,-3132157644125213201,0,1,1,9,6,4,2,14
374,3,-466210819174466616,0,1,1,11,2,4,2,9
375,3,-6446779205686661897,0,0,0,12,3,6,2,16
376,3,-5043496799542115937,0,0,0,10,2,5,2,14
377,3,331600363706155258,0,1,1,8,4,3,2,8
378,3,2632571912175624047,0,0,0,9,4,4,2,7
379,3,7259434726428318637,0,0,0,11,2,4,1,11
380,3,7034773605526970058,0,0,0,9,6,3,1,11
381,3,-2378807064512389437,0,2,2,12,1,4,1,7
382,3,7044002907889436624,0,1,1,8,3,4,2,16
383,3,-7467986275928762273,0,1,1,13,3,4,1,8
384,3,-7710964463403764544,0,2,2,9,2,3,1,9
385,3,-1797319639737052477,0,1,1,10,5,4,2,12
386,3,6648804362421930705,0,0,0,9,3,3,1,9
387,3,-6092895600319714483,0,0,0,8,1,4,1,15
388,3,6677731808203156546,0,1,1,7,7,2,2,8
389,3,-8290431848890866524,0,2,2,12,2,5,2,11
390,3,822470599114602416,0,2,2,11,3,3,1,5
391,3,-440745167956154322,0,0,0,11,4,5,2,14
392,3,5493254706132871335,0,1,1,8,3,3,2,10
393,3,9110007253430282949,0,1,1,11,2,5,2,18
394,3,3828546001588759930,0,1,1,11,1,4,2,8
395,3,954358573689120937,0,0,0,9,1,5,2,18
396,3,4673329353811134038,0,1,1,9,4,3,2,4
397,3,8951106077823315127,0,0,0,10,2,5,2,13
398,3,-2955788004876631659,0,1,1,10,1,5,2,16
399,3,-3074617922874386725,0,0,0,13,2,6,2,14
400,3,-2069238736506574513,0,0,0,8,6,3,1,9
401,3,5142285657910056386,0,0,0,11,1,6,2,18
402,3,-5718166377548646857,0,1,1,7,4,3,2,12
403,3,-2871135245862434860,0,0,0,9,4,3,1,5
404,3,-5470290219754087517,0,0,0,9,1,4,2,8
405,3,6513239277378205537,0,0,0,11,4,6,2,18
406,3,-1937526650582908692,0,0,0,9,4,4,1,13
407,3,4053606368753870361,0,2,2,8,2,3,2,11
408,3,-8685931211186045961,0,1,1,9,3,3,2,10
409,3,753476599907605441,0,0,0,10,6,3,1,7
410,3,7629449046163267860,0,0,0,9,6,3,1,6
411,3,-7165006901954417628,0,1,1,7,5,3,2,11
412,3,-278983357706912762,0,0,0,11,2,5,2,14
413,3,6679654565873428551,0,0,0,9,4,4,2,9
414,3,-4190755768947603870,0,1,1,8,7,2,2,6
415,3,8738829291820281567,0,2,2,10,7,4,2,9
416,3,-6408956391818137828,0,1,1,8,4,2,1,8
417,3,6080893915112984583,0,1,1,8,6,3,2,8
418,3,8338116970483255134,0,2,2,8,2,3,2,11
419,3,-765449995369154515,0,1,1,9,2,3,2,6
420,3,7206399308001339547,0,0,0,9,7,3,2,8
421,3,-4702905487158716851,0,1,1,9,2,4,2,10
422,3,1597001207848986596,0,1,1,8,6,3,2,8
423,3,-5991885943191703198,0,1,1,12,1,4,1,11
424,3,8732933234154285690,0,1,1,8,3,2,1,8
425,3,-8548631991035879144,0,1,1,11,1,5,2,12
426,3,-8215727050752168029,0,1,1,7,2,2,1,8
427,3,-2619328012761457211,0,1,1,9,1,4,2,10
428,3,182458834583790529,0,2,2,8,1,4,2,15
429,3,-9162346926953260134,0,1,1,9,3,4,2,13
430,3,-1369199353322860385,0,0,0,10,3,4,2,9
431,3,1299309702837331221,0,1,1,8,5,3,2,10
432,3,7441283111589658382,0,2,2,11,1,5,2,16
433,3,-1384188605853914951,0,1,1,8,2,2,1,6
434,3,3640669997955440048,0,2,2,14,1,5,2,9
435,3,7981275472775572993,0,1,1,7,1,3,2,10
436,3,8283764711150764307,0,1,1,9,5,3,2,8
437,3,-2352370805791922799,0,1,1,13,1,5,2,12
438,3,-5147310076202069759,0,0,0,10,2,5,2,14
439,3,-9201325968796251985,0,0,0,10,3,4,2,11
440,3,655144395457361685,0,2,2,8,4,2,1,7
441,3,3908628233485368304,0,0,0,9,4,4,2,10
442,3,4259219119874400913,0,0,0,9,5,3,1,8
443,3,6492006978787436854,0,1,1,11,2,4,1,14
444,3,5824038880760083823,0,2,2,6,5,3,2,15
445,3,4287545667298051289,0,0,0,12,1,6,2,14
446,3,7863954918594178741,0,1,1,9,3,3,2,8
447,3,2259789538798252579,0,1,1,8,6,2,1,6
448,3,-6583220104838502899,0,0,0,8,3,4,2,12
449,3,-8309676404741965054,0,1,1,7,4,3,2,10
450,3,2397235078220737684,0,0,0,10,4,4,2,10
451,3,4699390104985784056,0,0,0,12,3,5,1,15
452,3,-8655620574724659470,0,1,1,10,3,4,2,13
453,3,8012186223757638997,0,0,0,9,1,4,1,14
454,3,2749848532295906474,0,1,1,8,1,2,1,4
455,3,-1013635701383389528,0,1,1,9,4,4,2,12
456,3,7094131107054975154,0,0,0,10,3,6,2,20
457,3,67079307814084979,0,2,2,8,8,2,1,7
458,3,1802229122610337605,0,0,0,10,3,5,2,14
459,3,-2622746272502387171,0,0,0,10,4,5,2,10
460,3,-3949227922422858504,0,1,1,9,2,2,1,5
461,3,-4289042721400056276,0,0,0,12,3,4,1,8
462,3,-7289428355998612725,0,1,1,9,4,3,1,7
463,3,-241695527116750157,0,0,0,12,3,5,1,9
464,3,-6364886391143316223,0,2,2,14,1,6,2,15
465,3,-2273530337300556280,0,1,1,9,3,2,1,5
466,3,-8688392759291413645,0,0,0,12,2,5,1,12
467,3,-6279954669395217222,0,0,0,8,8,4,2,15
468,3,-5304247503455899616,0,0,0,9,2,3,1,7
469,3,708007719791634881,0,1,1,11,3,4,1,11
470,3,505129841863794503,0,1,1,9,8,2,1,7
471,3,1287486904444099063,0,1,1,8,4,3,2,6
472,3,5096072508755630648,0,0,0,9,1,4,1,13
473,3,8742498532144020167,0,1,1,11,1,4,2,11
474,3,-7625610483566936280,0,0,0,11,1,6,2,18
475,3,7380182592402866211,0,1,1,9,7,2,2,2
476,3,-7781326526565967291,0,0,0,10,1,5,2,12
477,3,8945088625879987643,0,0,0,8,5,4,2,12
478,3,7601489115278246922,0,1,1,11,4,4,2,9
479,3,-8388658742111897749,0,1,1,7,7,2,1,6
480,3,8620979480002941139,0,1,1,11,3,3,2,3
481,3,2924365767143193844,0,1,1,9,2,4,2,14
482,3,-1953688382615706189,0,1,1,8,8,3,2,10
483,3,-5771253704239338258,0,1,1,10,2,3,2,6
484,3,-7778348975659547003,0,0,0,10,1,4,1,10
485,3,9190655018936085245,0,2,2,8,6,2,1,5
486,3,4091395485076812097,0,2,2,12,1,5,2,11
487,3,8955899908250686786,0,0,0,8,3,4,2,14
488,3,-3961763867478205808,0,0,0,10,2,4,2,11
489,3,-3767739475351788267,0,1,1,8,3,3,2,10
490,3,-7390507330521440351,0,0,0,11,3,5,2,13
491,3,8271665169127991024,0,2,2,9,3,4,2,10
492,3,691807103339905341,0,0,0,9,4,4,1,12
493,3,6915051682548907437,0,2,2,11,3,5,2,11
494,3,-1214507360614351848,0,1,1,8,4,3,2,8
495,3,2297474915129042164,0,2,2,7,5,2,1,6
496,3,8835966317586977386,0,2,2,8,1,3,1,11
497,3,-1261574111467706642,0,0,0,9,5,3,1,5
498,3,5771867014127409854,0,1,1,10,3,3,2,6
499,3,2215001555593705790,0,1,1,8,8,2,2,6
500,3,1631183689968052234,0,0,0,9,2,5,2,16
501,3,-7895992092184021712,0,0,0,8,1,3,1,11
502,3,1090010200436399870,0,1,1,8,4,2,1,6
503,3,-7666429517588455629,0,1,1,8,4,2,1,6
504,3,-963728968369320800,0,1,1,7,4,3,2,11
505,3,5625747461391298948,0,0,0,10,5,4,2,11
506,3,-6007433476670008808,0,1,1,12,2,5,2,10
507,3,-4943281702996779476,0,1,1,10,2,3,1,9
508,3,-6558658218656286264,0,1,1,11,2,5,2,17
509,3,3468304562144377900,0,2,2,10,2,4,1,14
510,3,-9122018711400068705,0,1,1,12,2,5,2,10
511,3,3167657053855978485,0,0,0,11,1,6,2,16
512,3,4502928103781623471,0,1,1,7,3,3,2,13
513,3,-8479868467629211875,0,0,0,11,5,4,1,12
514,3,-8272831089411465732,0,1,1,10,4,3,2,6
515,3,5528419593055883088,0,1,1,12,4,5,2,10
516,3,-4946096044363225450,0,2,2,10,2,4,2,9
517,3,-6602694869557219196,0,1,1,8,3,3,2,10
518,3,7860098468719243497,0,0,0,8,6,4,2,18
519,3,-4059373647691924880,0,1,1,7,4,3,2,13
520,3,-3422683990109087918,0,2,2,10,3,3,1,5
521,3,2191833176427652414,0,1,1,10,2,3,1,10
522,3,2320977485372998646,0,0,0,9,2,5,2,16
523,3,3372472370515219838,0,0,0,9,9,3,2,8
524,3,9196961642534035407,0,0,0,10,3,4,2,8
525,3,-4174276368278457506,0,1,1,9,2,2,1,6
526,3,-1490086673694351609,0,2,2,13,3,6,2,18
527,3,3359944516664099096,0,2,2,9,2,3,1,9
528,3,-1519119564038422904,0,2,2,11,1,5,2,13
529,3,-449277456985955157,0,1,1,12,4,4,1,8
530,3,6780643421540107987,0,0,0,7,8,2,1,7
531,3,5924391909141584077,0,0,0,12,4,6,2,14
532,3,8585930323063154705,0,1,1,9,2,3,1,9
533,3,-3009956243572934369,0,1,1,9,5,4,2,16
534,3,3993718459332363111,0,0,0,9,5,4,2,13
535,3,4606419796508958114,0,2,2,11,1,5,2,16
536,3,7622991739202647438,0,2,2,12,1,5,2,11
537,3,5915879600702503273,0,0,0,11,1,5,2,12
538,3,-6349218183755991390,0,2,2,9,4,4,2,10
539,3,-9086540292151381872,0,1,1,9,3,4,2,14
540,3,-3007621923965492423,0,1,1,10,2,2,1,6
541,3,2020590165834619244,0,0,0,10,4,5,2,12
542,3,4341795819650122423,0,0,0,9,5,3,1,10
543,3,7047391059534322947,0,0,0,11,1,4,1,11
544,3,-2565509465519120673,0,0,0,8,6,3,2,4
545,3,-8653051245477401922,0,1,1,10,4,4,2,14
546,3,-8379104972864094035,0,1,1,11,2,4,1,8
547,3,1982502622682297180,0,0,0,10,6,4,1,8
548,3,-1158146048972036508,0,1,1,8,5,2,1,6
549,3,1716943521475895082,0,0,0,9,3,4,1,13
550,3,-6912001651674790174,0,1,1,10,6,3,2,6
551,3,-5859909968547040400,0,0,0,13,4,5,1,12
552,3,2257743539211220538,0,1,1,11,4,5,2,14
553,3,3900783325912324910,0,0,0,9,3,4,1,13
554,3,-1134117603461365884,0,1,1,11,4,3,1,5
555,3,-2064035397229263096,0,2,2,7,7,3,2,10
556,3,1624125300673906670,0,1,1,10,2,5,2,16
557,3,-8812065308697732994,0,0,0,8,2,4,2,10
558,3,-5780653784626049257,0,0,0,9,3,5,2,18
559,3,-6183573279048922017,0,1,1,11,3,4,2,6
560,3,-1712187466088734564,0,0,0,7,8,2,1,5
561,3,-4175816567338788737,0,0,0,8,9,3,2,10
562,3,2883006854819662578,0,0,0,8,3,4,2,12
563,3,-2538731276127981401,0,0,0,11,2,5,1,14
564,3,9138127877884768117,0,0,0,9,1,5,2,18
565,3,-6265045117529938228,0,1,1,8,5,2,1,6
566,3,-3856577742269202495,0,0,0,6,8,2,1,6
567,3,-8703444824833926524,0,0,0,7,6,2,1,3
568,3,-852699686322455488,0,1,1,8,5,2,2,4
569,3,2343581861657226165,0,1,1,7,6,1,1,4
570,3,-5948030483708983292,0,0,0,12,1,6,1,15
571,3,5768996791695729807,0,2,2,9,5,4,2,12
572,3,-729263075550616105,0,2,2,10,2,4,2,11
573,3,-7371227935676969285,0,0,0,10,2,4,1,15
574,3,3353965954389095055,0,1,1,11,4,3,1,9
575,3,5186073235412707284,0,0,0,8,7,4,2,13
576,3,-3920871824556724059,0,1,1,7,8,2,2,8
577,3,6158644969080056086,0,1,1,11,2,3,1,6
578,3,-8563106058492724984,0,1,1,11,1,3,1,7
579,3,7419094898876356180,0,0,0,8,2,4,2,12
580,3,8895267235172984111,0,0,0,11,2,4,1,8
581,3,-8363620574915098577,0,1,1,12,4,3,1,5
582,3,5258381791508727405,0,1,1,7,5,3,2,10
583,3,4687353338123085188,0,1,1,9,3,4,2,12
584,3,4542484101697404552,0,1,1,10,4,3,1,8
585,3,5950062684538421286,0,2,2,10,1,4,2,13
586,3,-6719756618498863733,0,0,0,10,3,4,2,10
587,3,617350330728548556,0,1,1,9,7,3,2,6
588,3,1238229920545614043,0,2,2,11,2,5,2,16
589,3,5490973947136200269,0,1,1,9,3,4,2,11
590,3,-1716042895111245945,0,0,0,9,5,3,1,4
591,3,-3996769956044063734,0,2,2,11,5,4,2,7
592,3,3993520891512639460,0,2,2,8,2,4,2,15
593,3,166748145512450986,0,0,0,8,4,3,1,9
594,3,9058053103947821657,0,0,0,10,1,5,2,12
595,3,-2462161291655913972,0,0,0,10,2,5,2,12
596,3,5778042927352741239,0,1,1,11,4,3,1,7
597,3,7470778025340776313,0,1,1,8,6,3,2,12
598,3,-922914274036021428,0,1,1,9,4,3,2,8
599,3,1880401453447469849,0,1,1,7,1,3,2,10
600,3,4965927256785733624,0,1,1,10,1,4,2,10
601,3,7797723438811046312,0,1,1,13,1,6,2,14
602,3,2536152855971783040,0,1,1,7,4,3,2,12
603,3,-6374297127422597271,0,0,0,10,4,4,2,11
604,3,-7666589740181892894,0,0,0,9,4,4,2,10
605,3,-5008688377284813478,0,0,0,12,5,6,2,11
606,3,-8778520098460427160,0,2,2,9,1,4,2,11
607,3,-5107018797172291160,0,0,0,7,7,3,2,8
608,3,2562834987466167105,0,0,0,12,4,5,1,16
609,3,-5808763365851307163,0,0,0,8,4,3,1,9
610,3,4153853966842032717,0,0,0,8,3,4,2,14
611,3,5680031095572755831,0,1,1,7,6,2,1,5
612,3,-2924816978135219657,0,0,0,9,3,4,2,12
613,3,6686015133283433683,0,1,1,9,3,4,2,12
614,3,-7679288335379758392,0,0,0,14,1,5,1,12
615,3,-2747723841879853589,0,1,1,9,3,2,1,4
616,3,4358325120334329722,0,1,1,7,8,1,1,2
617,3,-1129544715355091611,0,0,0,11,3,5,2,14
618,3,-8409524851261757108,0,0,0,10,2,5,2,12
619,3,6427127429581613068,0,0,0,12,1,5,1,13
620,3,8236277473930342868,0,2,2,8,5,3,2,9
621,3,2848785449183786507,0,1,1,11,3,4,1,10
622,3,8626997488584336282,0,1,1,9,5,3,2,6
623,3,-7308515258248018600,0,1,1,11,1,5,2,12
624,3,-6722911480423832670,0,0,0,7,6,4,2,18
625,3,-7856483833668040851,0,1,1,9,3,4,2,14
626,3,8978738451720472650,0,2,2,11,2,5,2,18
627,3,-6265477635242770883,0,0,0,6,6,3,1,15
628,3,-9097117299982184106,0,0,0,9,3,3,1,8
629,3,5339019673633817701,0,0,0,8,4,4,2,12
630,3,-502036819416806071,0,0,0,9,2,4,1,14
631,3,1561971706495820962,0,2,2,13,4,5,2,13
632,3,4227131803367833590,0,2,2,10,5,4,2,12
633,3,6488321475945100419,0,2,2,12,1,5,2,11
634,3,3716572881105624661,0,0,0,9,4,4,1,12
635,3,-5494099562871396769,0,1,1,9,4,3,2,4
636,3,-7839981341878619238,0,1,1,9,1,3,1,6
637,3,-6229012718151743864,0,0,0,11,2,5,1,15
638,3,-2978443752059747453,0,0,0,7,6,2,1,7
639,3,-7640069707987232832,0,1,1,8,4,2,1,8
640,3,-189984639016206863,0,1,1,9,3,4,2,13
641,3,4946257041899733739,0,0,0,7,4,4,2,18
642,3,8138681787831965626,0,0,0,9,7,4,2,10
643,3,-7623752017310806522,0,0,0,10,6,5,2,12
644,3,-4224969475637896003,0,1,1,8,2,3,2,10
645,3,204985370822053463,0,1,1,7,8,1,1,4
646,3,-4194619193996013770,0,0,0,10,8,4,2,10
647,3,8490203674349717990,0,0,0,8,4,4,2,16
648,3,-8638696633206347694,0,1,1,13,3,5,1,8
649,3,4835106508989037611,0,1,1,14,2,5,2,10
650,3,6648830967865822725,0,0,0,9,3,5,2,16
651,3,-5700860634815221240,0,0,0,11,2,5,2,14
652,3,-6575713810337443301,0,1,1,7,8,2,2,6
653,3,619190220508180728,0,1,1,10,6,4,2,8
654,3,7301667116721720973,0,1,1,13,1,5,2,12
655,3,8242008095891398025,0,0,0,9,4,4,2,10
656,3,7635364343554618133,0,0,0,9,1,5,2,18
657,3,2025685544460719367,0,0,0,13,3,6,2,14
658,3,-4329622861373073404,0,1,1,7,2,3,2,12
659,3,-5438836071455871367,0,1,1,9,5,2,1,5
660,3,6210266950577433171,0,0,0,11,4,5,2,12
661,3,-737200404888611119,0,0,0,7,7,2,1,5
662,3,-4878756662982392585,0,1,1,9,4,3,2,6
663,3,8920886268423552094,0,0,0,10,3,5,2,16
664,3,-2324307382672929928,0,0,0,10,1,6,2,20
665,3,1954913086004804997,0,1,1,12,1,4,2,9
666,3,-7932264662440699452,0,1,1,9,6,3,1,6
667,3,5198551810820542127,0,0,0,10,3,4,1,8
668,3,-2257887682256921280,0,0,0,8,8,4,2,12
669,3,5626471401692564357,0,1,1,7,2,3,2,12
670,3,2697373206631541535,0,0,0,8,2,3,1,11
671,3,5441517379930580826,0,0,0,11,1,6,2,18
672,3,-1168719844135278601,0,1,1,9,3,3,2,7
673,3,6991120936320905449,0,0,0,10,1,4,1,12
674,3,8557586989733303441,0,1,1,11,5,2,1,3
675,3,-5638650774096782017,0,0,0,9,5,5,2,16
676,3,-6400752778337954816,0,0,0,10,4,5,2,13
677,3,-4240623976175989254,0,2,2,8,3,2,1,9
678,3,-3937985564545138956,0,1,1,11,2,3,1,4
679,3,5294667334917359283,0,2,2,9,1,3,1,9
680,3,1600794599869634639,0,1,1,14,1,3,1,6
681,3,-1153470376203876936,0,1,1,9,7,3,2,8
682,3,793572195422091000,0,1,1,11,5,2,1,3
683,3,3057293731646731262,0,1,1,9,2,3,2,9
684,3,7186387117676820719,0,0,0,10,1,5,2,14
685,3,-8832646481396522923,0,0,0,12,1,5,2,11
686,3,573150642495198114,0,1,1,9,7,2,1,5
687,3,-8542329088232195619,0,1,1,9,5,4,2,13
688,3,-937582461077236354,0,1,1,10,4,2,1,6
689,3,-3763007203866378824,0,0,0,11,1,6,2,16
690,3,-1665919282313794360,0,1,1,11,1,3,1,6
691,3,-4103793045378020352,0,1,1,9,1,4,2,12
692,3,3789201073447339948,0,1,1,9,7,2,1,6
693,3,5756727727777323003,0,0,0,8,8,3,1,7
694,3,8238891411495018902,0,1,1,10,1,4,2,10
695,3,-1635595208993380467,0,1,1,7,1,3,2,10
696,3,-6164135865759968832,0,0,0,10,1,5,1,17
697,3,-4100362900003531282,0,1,1,10,3,3,1,8
698,3,9125143586066968331,0,1,1,10,4,4,2,8
699,3,2191588464847179164,0,0,0,11,2,5,1,14
700,3,-8322353781072388845,0,1,1,11,3,4,1,11
701,3,3281640547462770065,0,0,0,9,2,4,1,12
702,3,3892692370344515197,0,1,1,10,3,4,2,10
703,3,-7399693291743179336,0,1,1,11,3,3,1,7
704,3,-1610791526232962926,0,2,2,10,4,4,2,12
705,3,-2927663709528615267,0,1,1,8,4,2,1,6
706,3,-7281611839672380399,0,1,1,13,1,3,1,5
707,3,1583135794432778340,0,2,2,9,3,4,2,14
708,3,1674279721760311104,0,0,0,6,5,2,1,6
709,3,-6082288165486424836,0,1,1,10,4,4,2,8
710,3,1917131537105642820,0,1,1,11,7,4,2,9
711,3,-7530555278359391852,0,1,1,12,1,4,1,9
712,3,-4672151539449229646,0,2,2,11,2,5,2,11
713,3,555994956041708365,0,0,0,10,4,4,1,13
714,3,-858479477806375067,0,1,1,11,1,4,2,10
715,3,9079781933193493296,0,0,0,8,7,4,2,12
716,3,-2082298428142365295,0,0,0,10,1,5,2,14
717,3,-2631853359219137183,0,1,1,13,1,3,1,4
718,3,8272108122645894680,0,2,2,9,1,3,1,9
719,3,-1804644792757170283,0,0,0,10,4,4,2,11
720,3,-5064672959663660516,0,2,2,10,1,3,1,7
721,3,7219511737277237953,0,0,0,9,2,3,1,8
722,3,3101419038066758100,0,0,0,11,2,6,2,18
723,3,7377788135683617811,0,1,1,11,3,4,2,10
724,3,6970640389417347235,0,0,0,11,2,6,2,16
725,3,-8098276914537826011,0,1,1,7,9,2,2,4
726,3,-6784287251333163418,0,2,2,10,2,4,2,9
727,3,-8341414928140162192,0,1,1,9,2,3,1,13
728,3,-193981059351578099,0,1,1,11,4,3,1,6
729,3,8525489991394072318,0,0,0,7,6,3,1,11
730,3,829276838110460268,0,2,2,9,2,2,1,6
731,3,6109414502816862307,0,1,1,12,5,5,2,12
732,3,717373498097271379,0,1,1,9,3,2,1,4
733,3,-8219475623683346963,0,1,1,10,2,4,2,8
734,3,1611192206832666843,0,1,1,9,2,4,2,11
735,3,-7515601645813833702,0,0,0,7,6,3,2,10
736,3,4616027628173645570,0,1,1,9,4,3,2,4
737,3,3159937691045338442,0,1,1,11,1,4,1,11
738,3,704969445051236730,0,2,2,8,2,3,1,11
739,3,-4219457174414863179,0,0,0,11,2,5,2,14
740,3,-4555937777064946243,0,0,0,10,4,5,2,14
741,3,-5681405390757585762,0,0,0,10,3,4,1,11
742,3,-2630460332156054172,0,1,1,7,8,2,2,6
743,3,-4114903090789658680,0,1,1,9,2,3,1,8
744,3,-2330373555703934279,0,1,1,8,5,3,2,10
745,3,4673908465503604265,0,1,1,9,1,3,1,11
746,3,4578111394877702794,0,1,1,11,6,2,1,3
747,3,-6957574278587181859,0,0,0,8,5,3,1,11
748,3,4003786049401558848,0,1,1,10,2,4,2,9
749,3,3592986233089040733,0,0,0,9,2,4,1,17
750,3,2419619277793114415,0,2,2,9,4,2,1,4
751,3,-8792027644306631696,0,0,0,9,3,5,2,18
752,3,-9189503949451792338,0,1,1,7,6,3,2,13
753,3,-8790022744064735904,0,1,1,8,5,2,1,6
754,3,7527975708339589738,0,2,2,9,1,4,2,16
755,3,-8827203254327786511,0,1,1,10,1,4,2,9
756,3,-911420653835056009,0,1,1,9,3,3,2,7
757,3,-8047784705244206194,0,2,2,10,3,4,2,11
758,3,6851519547912541863,0,0,0,8,2,3,1,8
759,3,6497175321026858309,0,0,0,9,5,5,2,18
760,3,-1781767952397210721,0,1,1,9,6,2,1,5
761,3,-7194196643684967947,0,1,1,9,7,3,2,6
762,3,-6924096408651377626,0,0,0,11,1,5,2,10
763,3,3188143530024043590,0,2,2,9,3,3,1,10
764,3,-5097771795945448384,0,0,0,11,3,5,2,8
765,3,-2879779816402793000,0,1,1,9,3,3,2,6
766,3,-1512512430590179973,0,2,2,10,3,4,2,7
767,3,-137734319784184898,0,1,1,14,1,6,2,10
768,3,-97253082904982904,0,1,1,10,1,4,2,10
769,3,-130114716305478099,0,1,1,9,5,4,2,13
770,3,-2290761710654142452,0,1,1,8,5,3,2,8
771,3,2239006509502019440,0,0,0,9,3,5,2,16
772,3,8651133502603861688,0,0,0,14,1,5,1,8
773,3,3903283307883040287,0,1,1,8,3,3,2,8
774,3,3577880227487621783,0,0,0,7,6,3,2,10
775,3,-5093040269901207921,0,1,1,11,3,4,2,9
776,3,4107852913113443238,0,0,0,12,1,6,2,14
777,3,8225596696272879500,0,1,1,10,7,3,2,8
778,3,-8853890235031118935,0,2,2,10,4,3,1,9
779,3,-7173034446263890363,0,0,0,8,2,5,2,20
780,3,-76374265160749764,0,0,0,8,6,4,2,10
781,3,1988824082467927431,0,1,1,14,2,6,1,14
782,3,-1962233599402074073,0,0,0,10,3,4,2,8
783,3,-4913695286534046674,0,1,1,7,3,2,1,8
784,3,-4594394905922447625,0,2,2,8,3,3,2,10
785,3,4222444361552426711,0,0,0,9,6,4,2,11
786,3,5911613344523860425,0,1,1,11,2,3,1,4
787,3,8271804960806803674,0,2,2,8,3,2,1,7
788,3,1320267479660524136,0,1,1,9,5,2,1,5
789,3,7194103254041518199,0,1,1,11,4,3,1,4
790,3,-4026641994589874790,0,0,0,10,4,3,1,9
791,3,-8764551643818143154,0,0,0,11,5,5,2,15
792,3,2596527542970092982,0,1,1,9,5,3,2,5
793,3,-6826919594218997740,0,1,1,11,7,3,2,6
794,3,-4823079973850850694,0,1,1,9,2,3,2,8
795,3,489730088253757059,0,1,1,7,7,2,2,4
796,3,-5773421119804311013,0,1,1,10,3,2,1,8
797,3,4155261230267338386,0,1,1,11,1,5,2,12
798,3,-330164777305796708,0,1,1,11,2,4,2,11
799,3,-6256768559648825882,0,0,0,10,2,4,1,10
800,3,8633697779525851747,0,0,0,10,2,6,2,20
801,3,-5481153512862682489,0,1,1,12,1,5,1,14
802,3,-9217557798315830520,0,0,0,12,4,4,1,4
803,3,-1416435549025876521,0,0,0,10,2,3,1,5
804,3,-7878232968117780112,0,1,1,9,6,1,1,2
805,3,-5580272034045529409,0,0,0,10,3,5,2,12
806,3,-2114092845510090726,0,0,0,11,1,5,1,17
807,3,7008773506911189802,0,0,0,11,1,6,2,16
808,3,1249416590871421112,0,0,0,9,1,5,2,18
809,3,5525289587461976246,0,1,1,10,6,2,1,6
810,3,-5720267782895475199,0,0,0,10,2,4,1,11
811,3,-4979661588885277527,0,1,1,10,2,4,2,8
812,3,5218731115621893829,0,0,0,10,2,5,2,12
813,3,6475334729444770593,0,2,2,10,3,4,1,11
814,3,997950650801794625,0,0,0,10,2,4,1,10
815,3,-2441883868180677233,0,0,0,11,2,5,1,13
816,3,6406274821311802804,0,0,0,10,5,4,2,8
817,3,-4738992337090729883,0,0,0,9,3,5,2,16
818,3,-2330831161671281871,0,1,1,10,1,4,2,10
819,3,460802687263215630,0,2,2,8,4,2,1,5
820,3,7564158801102363063,0,0,0,7,4,3,1,12
821,3,2648120257888651550,0,1,1,9,3,3,1,12
822,3,-4532208821077834114,0,1,1,7,6,3,2,10
823,3,4043394766966587338,0,1,1,10,1,3,1,6
824,3,6646346769445488531,0,1,1,10,1,4,2,12
825,3,-4775130822827210086,0,0,0,9,3,5,2,18
826,3,166594811644143527,0,1,1,10,1,3,1,12
827,3,-6505933228395760548,0,2,2,15,2,5,2,6
828,3,-4554272596639978718,0,1,1,11,4,3,1,9
829,3,-8652608511541776036,0,1,1,12,1,3,1,7
830,3,-132218690150864258,0,1,1,9,1,4,2,12
831,3,7003117984512308177,0,0,0,12,1,5,2,11
832,3,1512063312311877075,0,1,1,10,1,2,1,4
833,3,7110199232971985817,0,0,0,9,4,5,2,16
834,3,2624218924945329581,0,1,1,10,2,3,1,10
835,3,-5795661303037149911,0,1,1,11,1,3,1,8
836,3,9204180384875420965,0,1,1,7,3,3,2,10
837,3,-6334501830604252226,0,1,1,11,2,4,2,7
838,3,3480148326006513967,0,0,0,9,3,4,2,12
839,3,-7469441834072739112,0,1,1,10,3,4,2,8
840,3,-7791341947657881297,0,2,2,9,2,4,2,13
841,3,6208533372828539624,0,0,0,9,1,5,2,18
842,3,2736270323286269138,0,0,0,9,1,5,2,18
843,3,-2953661748661283513,0,1,1,10,1,3,1,8
844,3,-4840264240840944869,0,0,0,11,2,6,2,16
845,3,-2433187147262170262,0,0,0,10,8,4,2,7
846,3,-2625617452749781316,0,0,0,8,5,4,2,10
847,3,2972901159648906580,0,0,0,11,2,5,2,10
848,3,-9115585146415477849,0,2,2,9,3,4,2,10
849,3,-8474167496347032757,0,1,1,10,4,4,2,11
850,3,324834713615739363,0,1,1,10,1,4,2,13
851,3,1179732107970774734,0,1,1,10,2,4,2,11
852,3,-2283476506104036957,0,1,1,9,1,3,1,8
853,3,618605415004559045,0,0,0,9,5,3,1,12
854,3,-1116525566358037357,0,0,0,9,1,5,2,16
855,3,-9157767488421831942,0,0,0,10,3,5,2,14
856,3,-6504065248216170379,0,1,1,8,4,3,2,10
857,3,1402250684060756679,0,1,1,11,1,4,2,9
858,3,8166243931981911788,0,1,1,11,1,4,2,11
859,3,-6357000498665043183,0,0,0,11,4,5,2,16
860,3,-4271185767796932968,0,1,1,9,1,4,2,10
861,3,7020514506693261172,0,1,1,11,1,4,2,8
862,3,-6541761074080704158,0,1,1,9,4,3,2,10
863,3,-2292601268234007873,0,1,1,11,1,5,2,17
864,3,7411278621617810456,0,1,1,9,3,3,2,11
865,3,-408510961777870174,0,2,2,10,1,4,2,11
866,3,-5356899636786748613,0,0,0,10,2,4,1,12
867,3,3613240337070889638,0,1,1,9,1,2,1,9
868,3,-6903427084377763561,0,1,1,9,8,3,2,12
869,3,-3125043248384468388,0,2,2,10,3,4,2,10
870,3,-808187802581370604,0,0,0,10,2,5,2,13
871,3,3855847289713324761,0,1,1,10,5,3,2,8
872,3,8154599158035840076,0,1,1,11,1,5,2,14
873,3,2536057287361656673,0,0,0,12,1,6,2,14
874,3,2713352589099154269,0,1,1,10,3,3,1,7
875,3,121986182723566945,0,1,1,13,3,4,1,12
876,3,492120859338080639,0,2,2,9,2,3,1,8
877,3,932965167853211554,0,0,0,9,1,3,1,7
878,3,2749490683366280408,0,0,0,8,3,4,2,10
879,3,-1835400132900085572,0,2,2,8,2,4,2,15
880,3,-544532904998189042,0,1,1,11,5,4,2,10
881,3,-6917033186577616696,0,2,2,10,1,4,2,9
882,3,-6676749848310281954,0,1,1,10,2,3,1,4
883,3,504570887083367000,0,2,2,7,4,4,2,20
884,3,-7546766209561466516,0,1,1,7,5,3,2,10
885,3,-5613479591278085461,0,1,1,7,2,3,2,12
886,3,-333886308814157030,0,1,1,12,3,3,1,9
887,3,-7872283810477020899,0,0,0,8,5,4,2,13
888,3,4889644907610627996,0,1,1,12,2,4,1,7
889,3,599548626099171804,0,0,0,10,2,5,2,13
890,3,-979640624624254068,0,1,1,8,7,3,2,10
891,3,5155796667806582752,0,1,1,11,2,3,2,9
892,3,2476665614246085562,0,1,1,7,7,3,2,12
893,3,-8027088702960836068,0,0,0,13,4,6,2,10
894,3,7649995767197802375,0,0,0,8,6,4,2,10
895,3,1747196730047461361,0,2,2,9,2,4,2,15
896,3,8477188296496929906,0,1,1,8,4,3,2,10
897,3,-5808987217060802333,0,0,0,11,3,4,1,8
898,3,-2457112558039695629,0,1,1,12,5,5,2,14
899,3,5965616054099352462,0,1,1,9,5,3,2,7
900,3,6848939474762382471,0,1,1,10,1,4,2,10
901,3,-6601415996160262182,0,1,1,12,1,4,1,11
902,3,-68922840897209588,0,0,0,9,8,3,1,10
903,3,7159214853873655917,0,1,1,9,4,3,1,14
904,3,-4657349968775368370,0,2,2,11,4,5,2,14
905,3,-3350441459732316319,0,0,0,8,3,5,2,20
906,3,8131148341427371233,0,2,2,10,1,5,2,15
907,3,6825586665887939126,0,0,0,12,3,6,2,14
908,3,8879440991739560240,0,0,0,12,6,5,1,12
909,3,4550691673206935818,0,0,0,8,2,4,2,14
910,3,5450552045637821398,0,2,2,9,2,3,2,5
911,3,-3287025016480240377,0,1,1,11,4,3,1,7
912,3,8346174039730944556,0,0,0,9,6,3,1,6
913,3,1273047588930411036,0,1,1,8,5,2,2,4
914,3,-4418513396402947038,0,1,1,9,4,2,1,3
915,3,-791457963442133010,0,1,1,11,1,4,1,13
916,3,1942771417557356626,0,0,0,11,4,4,1,10
917,3,-4358639224225929711,0,0,0,10,2,5,1,15
918,3,111621447588283730,0,0,0,8,6,4,2,10
919,3,3916994937685176178,0,0,0,13,2,6,2,12
920,3,-6367999184089887671,0,0,0,9,1,4,1,13
921,3,-2274042634679846632,0,2,2,9,3,3,1,11
922,3,1778144181136820420,0,0,0,8,6,3,1,13
923,3,6456304274742237195,0,1,1,8,4,2,1,6
924,3,-7588905468831430198,0,1,1,11,2,4,2,7
925,3,-5917230197456325997,0,0,0,10,3,4,1,14
926,3,-7314044793876955091,0,1,1,12,1,6,2,16
927,3,-5060935943969533787,0,2,2,9,3,5,2,20
928,3,5862586573937673762,0,0,0,11,1,6,2,16
929,3,-6548096243369410662,0,0,0,13,1,7,2,18
930,3,6713037904953920532,0,1,1,10,5,4,2,12
931,3,1427301075538689314,0,2,2,8,1,3,2,9
932,3,-8532264004061675852,0,1,1,9,6,3,2,6
933,3,-2006012116514529929,0,1,1,10,2,3,1,11
934,3,-5840885685564491180,0,0,0,10,1,5,2,15
935,3,3913393184130638037,0,0,0,12,2,5,1,14
936,3,1905907169395285877,0,1,1,7,1,3,2,11
937,3,-4454314930156213208,0,1,1,10,2,4,1,17
938,3,3292537267123379358,0,1,1,8,6,2,1,8
939,3,4829725669912975623,0,0,0,10,4,5,2,12
940,3,85444404320780654,0,0,0,10,3,5,2,15
941,3,-8851982633404624671,0,0,0,9,4,4,1,15
942,3,6631728651434028788,0,0,0,9,1,5,2,18
943,3,-4417045326521047179,0,2,2,10,2,4,2,11
944,3,5881705996884769086,0,0,0,10,5,4,2,11
945,3,-3608538843761088377,0,1,1,8,1,3,2,8
946,3,78766780709244463,0,0,0,10,8,3,1,7
947,3,-6351966363755492144,0,2,2,10,1,4,2,10
948,3,-2382334886316001899,0,2,2,14,1,6,2,12
949,3,-5708967194040972747,0,0,0,10,1,4,2,10
950,3,6484214771448348283,0,0,0,9,1,5,2,18
951,3,-9118891025772547268,0,0,0,8,2,5,2,20
952,3,-5761906694678565446,0,0,0,10,5,3,1,7
953,3,-7461376367919392325,0,0,0,10,3,4,1,9
954,3,2766036825642385878,0,1,1,12,7,3,2,4
955,3,-8447980701651293999,0,2,2,10,2,3,1,11
956,3,4403096252583174150,0,0,0,9,5,4,2,8
957,3,143774754669439514,0,1,1,9,3,3,1,11
958,3,-6641775465730408812,0,0,0,11,1,5,2,14
959,3,-455879772917634531,0,2,2,8,6,2,1,7
960,3,-2160276858021289881,0,1,1,9,4,3,2,5
961,3,-2888376958802956279,0,1,1,10,6,4,2,10
962,3,-7088795349768948258,0,1,1,12,2,3,1,5
963,3,-1633618206112039775,0,1,1,8,4,3,2,7
964,3,-1752422861594364194,0,1,1,11,1,4,2,10
965,3,-5505120117921741709,0,2,2,12,1,5,2,15
966,3,-3347739301918488018,0,0,0,9,4,4,1,15
967,3,-9012619734774884017,0,2,2,9,4,4,2,12
968,3,323256161141984769,0,1,1,9,5,3,2,8
969,3,-7785039618417985801,0,2,2,7,7,3,2,10
970,3,835429443500234196,0,1,1,7,3,2,1,8
971,3,-7860557026053019885,0,1,1,11,1,4,2,10
972,3,4214623409899794810,0,1,1,7,7,2,1,7
973,3,-6293545936533688217,0,1,1,8,7,3,2,10
974,3,-8819186011205643916,0,1,1,7,3,3,2,11
975,3,-8284106416513448633,0,2,2,10,2,5,2,15
976,3,-8649246020755628922,0,2,2,13,1,5,2,11
977,3,-6232834317051517623,0,1,1,7,4,2,1,6
978,3,5291590041945213574,0,0,0,11,1,6,2,16
979,3,2153692596343432764,0,1,1,7,4,2,1,5
980,3,-761921353558337418,0,0,0,8,5,3,1,7
981,3,-3329607183727716263,0,2,2,9,3,4,2,14
982,3,-8147288770007275051,0,2,2,12,1,4,1,10
983,3,-3677107538178786888,0,1,1,10,3,4,2,10
984,3,3047758408352983857,0,1,1,12,3,4,2,12
985,3,-19097507581317883,0,1,1,11,5,4,1,14
986,3,5845874269021112833,0,0,0,11,1,5,2,11
987,3,-2421894982000957581,0,2,2,15,1,6,2,11
988,3,-2894943087567104591,0,2,2,8,8,3,2,9
989,3,-6326687444997273105,0,2,2,12,3,5,1,15
990,3,-6906504183536083459,0,1,1,10,2,5,2,16
991,3,-7515308229624325735,0,0,0,9,2,4,2,12
992,3,-582016864485956991,0,0,0,10,1,4,1,11
993,3,5146392891201211247,0,0,0,9,1,4,2,8
994,3,-8655563619588036719,0,2,2,11,3,5,2,15
995,3,5156644492374579019,0,1,1,7,2,2,1,8
996,3,1439506133565719622,0,0,0,6,8,3,1,15
997,3,-5227798666547100145,0,2,2,9,3,4,2,14
998,3,-4802585894114460200,0,1,1,10,7,3,1,10
999,3,-856790661613719778,0,0,0,9,3,5,2,18
1000,3,-8799678523336260557,0,2,2,11,2,4,1,11
1001,3,6732626489464199437,0,0,0,9,4,4,2,10
1002,3,-6383693105471872061,0,1,1,8,2,2,1,6
1003,3,6942090501196132762,0,0,0,12,1,5,2,11
1004,3,-1456245903900049261,0,1,1,12,3,5,2,13
1005,3,8001095623539871964,0,0,0,7,1,3,1,12
1006,3,-4528614177208504683,0,2,2,11,2,3,1,7
1007,3,3232519856667130812,0,1,1,12,2,5,2,15
1008,3,-3070947293332735165,0,1,1,9,4,2,1,5
1009,3,-6227264637878675037,0,0,0,11,1,5,2,14
1010,3,-4099688373389263770,0,2,2,15,1,7,2,16
1011,3,3799484143829062004,0,1,1,9,3,3,1,6
1012,3,546388151987976244,0,0,0,9,2,4,2,9
1013,3,-5425503919016869444,0,0,0,10,3,4,1,8
1014,3,-7334280756767425888,0,1,1,9,3,2,1,5
1015,3,-1487854572836370392,0,2,2,12,2,5,1,14
1016,3,-7921350234834654226,0,1,1,9,5,2,1,5
1017,3,1345322954173795383,0,0,0,9,3,4,1,14
1018,3,5051020601252199557,0,1,1,7,4,2,1,6
1019,3,7825883824679633199,0,1,1,11,5,2,1,5
1020,3,6342553262767372808,0,1,1,9,4,3,1,8
1021,3,-1114382013210406060,0,2,2,14,1,6,2,12
1022,3,2457785799934845350,0,1,1,8,8,2,1,4
1023,3,2640078587250963543,0,2,2,10,4,4,2,10
1024,3,-7213723181893663823,0,0,0,8,6,4,2,10
1025,3,6980571961143556877,0,1,1,9,4,4,2,12
1026,3,-7552120598419452819,0,2,2,11,2,4,1,12
1027,3,8145965926271322720,0,2,2,10,4,4,1,12
1028,3,-7767888153162758614,0,0,0,10,2,4,2,8
1029,3,-8373528675032075382,0,0,0,13,1,5,1,10
1030,3,-5867165717251741547,0,1,1,13,1,5,2,11
1031,3,7017196028105623423,0,2,2,12,3,4,1,10
1032,3,981637865570421066,0,0,0,10,2,4,2,7
1033,3,2833964429510609834,0,0,0,7,5,3,1,10
1034,3,3439171565144588716,0,1,1,10,4,4,2,10
1035,3,-3951819986674661924,0,2,2,10,1,3,1,9
1036,3,-6567437160864293383,0,2,2,9,1,4,2,12
1037,3,1986119578363253633,0,1,1,10,2,4,2,12
1038,3,-4740795767239644776,0,0,0,11,4,4,1,8
1039,3,3013847871405572116,0,0,0,11,3,5,2,13
1040,3,3534125156674628789,0,2,2,10,5,4,2,13
1041,3,-8213677231885578540,0,1,1,10,6,4,2,11
1042,3,1894384132857736975,0,0,0,9,1,4,1,14
1043,3,-7536098237957035081,0,0,0,8,6,3,1,9
1044,3,-8232834124708441072,0,0,0,12,5,5,2,13
1045,3,-5756235941824694369,0,0,0,12,5,5,2,11
1046,3,7024329728420815901,0,0,0,11,4,5,2,14
1047,3,-7006579475619093557,0,0,0,7,9,3,2,12
1048,3,1277973419003008815,0,1,1,12,2,4,2,8
1049,3,-7718040004484706161,0,1,1,8,2,2,1,8
1050,3,-1272330123340450654,0,0,0,8,4,3,1,11
1051,3,6956968685859447623,0,1,1,10,5,2,1,4
1052,3,-6476810758797419444,0,0,0,9,2,4,2,10
1053,3,149398515905677193,0,0,0,9,4,4,2,8
1054,3,4698909214634003665,0,1,1,11,3,4,2,10
1055,3,-8606922568908566631,0,1,1,7,6,2,2,8
1056,3,-6952420270146356426,0,2,2,10,4,4,2,10
1057,3,-6245539228022167519,0,0,0,9,4,4,1,13
1058,3,3295862173771206579,0,1,1,11,1,4,1,12
1059,3,-8870121851557014751,0,1,1,7,5,2,1,5
1060,3,3557355491176045516,0,0,0,9,9,3,2,6
1061,3,8525540962409209380,0,1,1,12,3,5,2,12
1062,3,7160397908874648994,0,0,0,10,5,3,1,9
1063,3,7286824065203537843,0,2,2,12,1,6,2,18
1064,3,-7959212594357836666,0,0,0,11,1,3,1,4
1065,3,-6431258457189857266,0,1,1,9,2,3,1,8
1066,3,5268970803393915598,0,1,1,9,3,3,2,5
1067,3,1538566038767874329,0,2,2,11,3,4,2,8
1068,3,-6281129708932056852,0,1,1,10,4,3,1,8
1069,3,3578951060319885716,0,0,0,11,4,4,2,6
1070,3,1104480544257746363,0,2,2,6,8,3,2,15
1071,3,4467729507565012879,0,1,1,10,1,4,2,10
1072,3,8865665732806019100,0,1,1,11,3,4,1,13
1073,3,-7234692759496225252,0,1,1,11,1,3,1,4
1074,3,-3731411600496611903,0,0,0,10,2,5,2,12
1075,3,-1390625027696012731,0,1,1,8,6,2,2,8
1076,3,5165594003619277640,0,1,1,5,6,2,2,10
1077,3,-5379394623994582208,0,1,1,12,6,4,2,7
1078,3,8246958171908118923,0,1,1,10,3,4,2,15
1079,3,5718519570339107297,0,1,1,11,3,4,2,13
1080,3,-4421764348571806666,0,0,0,11,2,4,1,7
1081,3,-1474995500087127217,0,1,1,8,6,3,2,10
1082,3,8287834942137273753,0,1,1,12,3,4,1,8
1083,3,3935592405131901690,0,1,1,7,7,3,2,12
1084,3,-6194976305715196994,0,1,1,10,1,4,2,10
1085,3,-4815646941425506356,0,1,1,10,5,3,2,7
1086,3,-1865641546984774978,0,0,0,8,1,3,1,7
1087,3,-3957391563367661410,0,0,0,10,5,5,2,12
1088,3,7884694481219436624,0,0,0,7,8,3,2,10
1089,3,-6349462870896690195,0,2,2,10,1,4,2,9
1090,3,2944201387159952546,0,0,0,14,2,5,2,6
1091,3,-3669692562611245363,0,0,0,8,1,4,1,15
1092,3,-8065869165155703701,0,1,1,12,1,3,1,5
1093,3,6380081103373014813,0,0,0,8,3,4,2,12
1094,3,-570692594130292671,0,1,1,9,5,3,2,4
1095,3,3662340730263868667,0,1,1,9,7,3,2,3
1096,3,-1256848557280387801,0,2,2,11,1,5,2,14
1097,3,3993392136835630970,0,1,1,10,3,4,2,9
1098,3,3630661425974352490,0,0,0,9,3,4,2,12
1099,3,1535177484479201426,0,0,0,8,1,5,2,20
1100,3,1618909533979508908,0,0,0,10,1,5,2,12
1101,3,8588672039814005847,0,0,0,10,8,4,2,8
1102,3,-7614864417222506944,0,1,1,9,4,4,2,12
1103,3,4333138898364090222,0,0,0,10,1,4,1,9
1104,3,7823889092517389497,0,0,0,12,1,6,2,14
1105,3,-6461858829844553540,0,1,1,8,8,3,2,6
1106,3,245135183795667901,0,0,0,8,3,3,1,6
1107,3,4992898705647100511,0,0,0,7,2,3,1,12
1108,3,-803132156746236642,0,2,2,11,5,3,1,6
1109,3,7111210998766505441,0,2,2,7,3,2,1,6
1110,3,-60639127785910742,0,0,0,8,6,4,2,14
1111,3,110211618544097194,0,1,1,10,4,3,1,6
1112,3,3265837904044378690,0,0,0,9,4,4,2,10
1113,3,3997298756161023415,0,0,0,9,3,3,1,8
1114,3,-9106442101546409303,0,0,0,10,1,5,2,14
1115,3,4232390766128543113,0,1,1,10,2,3,1,5
1116,3,-7824476955222763619,0,1,1,7,3,3,2,10
1117,3,-2470855409592109729,0,1,1,9,2,4,2,10
1118,3,6257381151960753835,0,1,1,9,2,3,1,11
1119,3,1126866584603106470,0,0,0,10,3,4,1,9
1120,3,1837698441809709631,0,0,0,9,4,3,1,10
1121,3,1150913194910244784,0,1,1,9,1,3,1,10
1122,3,-5382085539335872902,0,0,0,11,1,5,1,15
1123,3,5518558546344909476,0,0,0,7,6,3,2,8
1124,3,624671482784415560,0,1,1,14,3,4,1,7
1125,3,-2155059096224649291,0,2,2,10,3,3,1,9
1126,3,252182412836336560,0,1,1,7,7,2,1,7
1127,3,-5956705731370150762,0,1,1,12,1,3,1,8
1128,3,-8580812589907707282,0,2,2,11,2,4,2,7
1129,3,1581396057495880493,0,1,1,10,1,4,2,8
1130,3,2939495373913983934,0,0,0,10,1,4,1,9
1131,3,-4608891839008439930,0,1,1,13,1,4,1,11
1132,3,5792586201417180282,0,1,1,7,9,2,2,4
1133,3,3936580981264004362,0,1,1,9,5,2,1,3
1134,3,3495696532348120679,0,1,1,11,3,5,2,14
1135,3,3883119462233781488,0,1,1,11,1,4,1,11
1136,3,-4013690948890076725,0,0,0,9,1,5,2,18
1137,3,6601370413562122226,0,1,1,10,1,4,2,7
1138,3,8640012168829172802,0,0,0,11,6,4,2,10
1139,3,-3884442785674790588,0,1,1,10,2,4,2,10
1140,3,5521702077710551249,0,2,2,13,2,5,2,9
1141,3,6172059121909485761,0,1,1,10,1,4,2,9
1142,3,1889360912056350011,0,0,0,10,2,4,2,6
1143,3,-8348178119472448921,0,0,0,11,1,6,2,18
1144,3,706940743621812371,0,1,1,10,7,3,2,6
1145,3,-5792977493938734843,0,0,0,12,1,5,1,13
1146,3,-3439520525144486126,0,1,1,9,5,3,2,8
1147,3,5086615683744071730,0,0,0,10,5,5,2,10
1148,3,7056384772072918826,0,1,1,12,1,5,2,8
1149,3,6727570627528520065,0,1,1,9,5,4,2,10
1150,3,221023395596049370,0,0,0,8,5,3,1,11
1151,3,-1174400111393638158,0,0,0,10,1,5,2,14
1152,3,-5679713936597675965,0,1,1,12,1,4,1,11
1153,3,3140198932194360490,0,2,2,13,1,6,2,16
1154,3,7170385800259895420,0,2,2,13,1,4,1,7
1155,3,-8229318390495194138,0,2,2,12,3,5,2,14
1156,3,-4638749136392877151,0,1,1,10,4,3,2,5
1157,3,211495686116768045,0,1,1,9,7,3,2,7
1158,3,-928091632605021390,0,2,2,8,4,3,2,11
1159,3,-4819754570629403707,0,0,0,11,3,4,1,11
1160,3,3203808806696010649,0,0,0,8,3,4,2,12
1161,3,-2733960081695001497,0,0,0,7,7,2,1,7
1162,3,889735465752279564,0,0,0,10,3,5,2,10
1163,3,1258672997076648245,0,2,2,9,2,2,1,6
1164,3,-6532831345610402923,0,1,1,13,1,6,2,14
1165,3,-4511561447043363605,0,0,0,10,3,5,2,12
1166,3,-6703049032228241042,0,1,1,9,3,4,2,14
1167,3,-2154071158883990187,0,0,0,9,8,3,1,8
1168,3,-3857052395360649582,0,2,2,11,3,3,1,5
1169,3,-3705379616097147648,0,0,0,10,4,4,2,12
1170,3,-6372006800599080304,0,2,2,8,4,3,1,11
1171,3,-6163010058012560332,0,0,0,9,5,4,1,13
1172,3,3932361879683534241,0,0,0,12,2,6,2,14
1173,3,-4811429496946760415,0,0,0,11,5,5,2,12
1174,3,3679771980986810877,0,0,0,7,5,2,1,5
1175,3,1067810016233029463,0,0,0,10,4,3,1,11
1176,3,4599198610284576361,0,1,1,7,3,3,2,14
1177,3,4256064938591063675,0,1,1,8,2,3,2,8
1178,3,-2168298873532486124,0,1,1,11,1,5,2,14
1179,3,-4619965560713000905,0,2,2,10,2,4,1,11
1180,3,-5947393842166595165,0,1,1,9,4,3,1,11
1181,3,1573163757953326450,0,2,2,15,2,5,1,6
1182,3,-8045444399008316022,0,0,0,9,5,5,2,16
1183,3,-1366158606745670975,0,0,0,8,1,4,2,12
1184,3,-3772899470973253219,0,1,1,11,3,4,2,9
1185,3,-8826692502342124516,0,0,0,8,5,4,2,12
1186,3,8920498751202782694,0,1,1,9,1,3,2,8
1187,3,-5718730841370585132,0,1,1,8,7,1,1,3
1188,3,-167526545911863112,0,0,0,11,5,5,2,14
1189,3,-7088319112622177084,0,1,1,7,2,3,2,14
1190,3,-6385876235399734780,0,0,0,9,1,5,2,16
1191,3,-1838811258204569658,0,2,2,10,4,3,1,9
1192,3,3233034008258838506,0,2,2,8,2,4,2,15
1193,3,3520911776556307560,0,1,1,10,2,4,2,15
1194,3,4901801235342385299,0,1,1,8,4,3,2,10
1195,3,2928918031305936096,0,0,0,11,1,5,2,13
1196,3,4066152354350202173,0,0,0,8,2,4,1,19
1197,3,3604911191803391292,0,1,1,9,4,3,2,6
1198,3,-4121552073891896681,0,2,2,9,2,4,2,12
1199,3,4831357962732809693,0,0,0,8,2,3,1,11
1200,3,-2790490447760971186,0,1,1,10,3,3,1,6
1201,3,4054708890109503781,0,2,2,13,2,6,2,15
1202,3,5353054008994251239,0,1,1,10,2,4,1,12
1203,3,5367823001861124207,0,1,1,7,9,2,2,4
1204,3,4804564934900992719,0,0,0,11,5,5,2,10
1205,3,3178473560607292479,0,2,2,11,1,4,1,10
1206,3,-3300015444683053136,0,1,1,7,4,3,2,11
1207,3,-6330709677051008070,0,1,1,10,3,2,1,4
1208,3,2814483964762491653,0,1,1,8,1,3,2,8
1209,3,5439386113202358104,0,2,2,10,1,3,1,5
1210,3,764494269719485168,0,0,0,13,2,6,2,10
1211,3,-2983996943219262761,0,2,2,8,2,3,1,13
1212,3,-5879087943402619318,0,0,0,10,1,5,2,10
1213,3,-6694289543443514766,0,1,1,9,3,4,2,14
1214,3,2764375954644150012,0,1,1,9,1,4,2,16
1215,3,4753839048682227539,0,1,1,8,4,3,2,7
1216,3,6492983629788671372,0,0,0,13,1,6,1,13
1217,3,-3198309318623426747,0,1,1,8,5,2,1,8
1218,3,-7877849818404302342,0,1,1,11,1,4,2,11
1219,3,-5125245647351110739,0,2,2,9,2,4,2,14
1220,3,-4026421029547444787,0,1,1,10,3,4,2,10
1221,3,8760920490842923962,0,0,0,11,1,5,1,15
1222,3,5757905197745382248,0,0,0,9,2,4,1,15
1223,3,2296636136372303323,0,2,2,11,2,5,2,12
1224,3,-4186749888688130399,0,0,0,10,1,5,2,12
1225,3,-2947918183887512463,0,0,0,8,1,3,1,9
1226,3,-2159131431974110573,0,2,2,9,4,4,2,17
1227,3,-6483463208340131387,0,1,1,10,4,3,2,10
1228,3,2982369509995860147,0,2,2,12,1,5,2,12
1229,3,7963468470764304188,0,0,0,10,4,3,1,11
1230,3,-768475996314618591,0,1,1,8,4,3,2,10
1231,3,-8311728298425850935,0,1,1,8,2,3,2,8
1232,3,8432707640331007040,0,0,0,10,1,4,1,14
1233,3,1580283872611198370,0,1,1,10,4,3,1,12
1234,3,449312774721250696,0,0,0,12,3,5,2,10
1235,3,-5679469204610888906,0,0,0,11,3,5,2,11
1236,3,7033860870731644826,0,0,0,10,3,4,1,11
1237,3,-6126864919601805475,0,1,1,9,4,3,2,6
1238,3,-7677506044884821612,0,1,1,7,8,2,2,2
1239,3,7778678740967998673,0,1,1,9,1,3,1,11
1240,3,533761832976952742,0,1,1,11,3,3,1,4
1241,3,-629750863883125540,0,1,1,9,1,4,2,12
1242,3,-5492001181944696603,0,0,0,12,1,6,2,15
1243,3,229761239328638291,0,1,1,8,9,1,1,1
1244,3,-8798036549296991138,0,0,0,11,1,5,2,14
1245,3,-8814264461899183678,0,0,0,10,1,4,1,10
1246,3,-346888373450587282,0,0,0,8,3,4,2,16
1247,3,-1901328382552300568,0,1,1,9,6,2,1,6
1248,3,-5182832408218815663,0,1,1,10,1,3,2,6
1249,3,2384051935700485989,0,1,1,11,4,4,2,12
1250,3,6705218915869038583,0,1,1,10,4,4,2,9
1251,3,2042580003210589361,0,0,0,10,4,3,1,11
1252,3,-5110870628604653026,0,1,1,11,4,4,2,9
1253,3,8451812614385526608,0,0,0,13,1,5,2,10
1254,3,-8662325941985367396,0,1,1,8,2,3,2,10
1255,3,-1723845683225939133,0,0,0,11,1,6,2,16
1256,3,-4925045766510399748,0,1,1,13,3,3,1,6
1257,3,-3217566499455908415,0,0,0,11,2,5,2,11
1258,3,580875716266541901,0,0,0,9,5,4,2,10
1259,3,5309728646698450214,0,2,2,10,5,4,2,13
1260,3,-229542298209223371,0,0,0,13,1,5,1,9
1261,3,7672430928030207019,0,0,0,10,2,4,1,11
1262,3,-5445287967080801204,0,0,0,8,6,4,2,14
1263,3,5388020378781883480,0,1,1,10,5,2,1,6
1264,3,7526809245426201511,0,0,0,10,4,4,2,10
1265,3,6862564203398505398,0,2,2,9,4,3,1,13
1266,3,7215050082962725042,0,0,0,8,6,3,1,13
1267,3,3945936179915071943,0,1,1,8,4,3,2,8
1268,3,-2522815049504822462,0,1,1,11,2,5,2,14
1269,3,771505839196551098,0,0,0,9,5,4,2,12
1270,3,7797626354890656489,0,0,0,11,3,5,2,11
1271,3,-7381879360735326246,0,1,1,10,4,5,2,16
1272,3,-2793325855990837876,0,1,1,7,3,2,1,5
1273,3,6036673961109899336,0,1,1,9,3,2,1,3
1274,3,-2273671825590252749,0,0,0,12,2,6,2,16
1275,3,-4255866280702274327,0,0,0,9,6,3,1,6
1276,3,-4174819065004174560,0,1,1,10,4,4,2,8
1277,3,-8872583317994959711,0,1,1,8,8,3,2,8
1278,3,2271102765947805218,0,0,0,11,1,4,2,10
1279,3,-3305473168654936640,0,1,1,11,3,3,1,8
1280,3,-320382635245628886,0,2,2,11,1,4,1,12
1281,3,4082697931727742396,0,1,1,9,5,2,1,5
1282,3,-4285964653107909858,0,1,1,11,1,3,1,8
1283,3,-7981898935588435935,0,1,1,7,4,3,2,10
1284,3,1706917296611745005,0,2,2,8,7,3,1,10
1285,3,-532825923521371964,0,1,1,15,1,5,1,9
1286,3,-5635537848268242205,0,0,0,10,3,5,2,14
1287,3,-7169923662500356802,0,2,2,10,3,5,2,17
1288,3,4238180790381768765,0,2,2,8,6,3,2,8
1289,3,-1126271856792122984,0,1,1,10,1,4,2,12
1290,3,-8393737233416473089,0,2,2,9,5,3,1,13
1291,3,-3342209460688094141,0,1,1,9,1,3,1,6
1292,3,4930317836835779077,0,0,0,10,1,4,1,14
1293,3,-6237016474316485302,0,1,1,11,5,3,1,4
1294,3,-6722652291477177512,0,0,0,9,2,4,1,15
1295,3,-4075111993002373942,0,2,2,11,2,4,1,11
1296,3,4102333514388045763,0,0,0,10,3,5,2,12
1297,3,1913581720553499809,0,2,2,11,1,5,2,12
1298,3,250509657847080613,0,2,2,11,1,5,2,14
1299,3,8280235636126011748,0,1,1,7,7,2,1,6
1300,3,-8100414146911367929,0,1,1,10,5,3,1,7
1301,3,8551335232991329943,0,2,2,11,3,3,1,4
1302,3,1419718511045144304,0,0,0,8,5,4,2,10
1303,3,1297742059810984471,0,2,2,13,1,5,2,13
1304,3,5016298192038924792,0,0,0,10,2,4,1,10
1305,3,1129344984371561178,0,2,2,11,1,5,2,10
1306,3,-1047104250610367206,0,1,1,11,1,4,1,9
1307,3,-6909826445705996581,0,1,1,9,4,4,2,12
1308,3,4198045717955807694,0,0,0,14,1,5,1,11
1309,3,5836673154096038991,0,0,0,8,2,4,1,15
1310,3,-8434612358659524009,0,2,2,12,2,4,1,10
1311,3,-8432542845166947812,0,0,0,8,4,4,2,11
1312,3,-8838614015053217447,0,2,2,12,3,5,1,14
1313,3,5684599874801077131,0,1,1,11,1,3,1,6
1314,3,4292418524596713134,0,0,0,12,4,5,2,10
1315,3,2037125710233738043,0,1,1,13,1,5,1,15
1316,3,3490304718797403513,0,0,0,9,6,3,1,8
1317,3,-6415925690269507240,0,0,0,10,4,5,2,14
1318,3,-7735785885888217222,0,2,2,12,1,6,2,18
1319,3,1109411019217574157,0,0,0,9,2,4,2,10
1320,3,-510385130804264541,0,1,1,10,6,3,1,11
1321,3,8594075869668991287,0,0,0,6,6,3,2,12
1322,3,-2753906236397974036,0,0,0,9,3,3,1,10
1323,3,1724811823445802074,0,1,1,9,4,3,1,6
1324,3,-8697741838106567069,0,2,2,10,3,4,2,12
1325,3,79851474237955032,0,0,0,7,1,3,1,13
1326,3,-6645370056629537402,0,0,0,9,7,4,1,13
1327,3,-5683636036216837537,0,0,0,11,2,4,1,12
1328,3,-2974029887995269164,0,2,2,10,2,3,1,12
1329,3,2680061803237886371,0,1,1,10,4,4,2,12
1330,3,1068314071054359201,0,1,1,11,5,5,2,12
1331,3,7711383318730798925,0,1,1,7,3,3,2,12
1332,3,6745663228815320105,0,0,0,9,1,5,2,16
1333,3,5112768545201589554,0,1,1,13,2,4,1,4
1334,3,-3227575702538848024,0,1,1,10,3,3,1,6
1335,3,1033961437787033799,0,2,2,9,2,4,2,13
1336,3,-1831385164168732120,0,1,1,11,2,3,1,3
1337,3,5555157222775850452,0,2,2,13,1,5,1,15
1338,3,-6209852115316295205,0,0,0,9,7,4,2,10
1339,3,6646003256565086312,0,0,0,7,8,2,1,5
1340,3,-1199425236025129046,0,1,1,10,5,3,1,9
1341,3,7327220144954749452,0,0,0,13,3,6,2,15
1342,3,7507814554282351437,0,1,1,9,6,4,2,10
1343,3,-2077714092858225093,0,2,2,12,2,4,2,6
1344,3,-3368927040713017315,0,0,0,6,8,3,2,10
1345,3,-1412603229909114351,0,0,0,10,1,4,1,10
1346,3,5898773763446220263,0,2,2,10,1,5,2,16
1347,3,6849213542670641985,0,1,1,8,2,4,2,16
1348,3,-1344264314740622590,0,1,1,8,5,3,2,10
1349,3,5883043441340611148,0,0,0,10,1,5,2,14
1350,3,3982192874447713187,0,0,0,6,8,2,1,6
1351,3,6783950257666313199,0,1,1,11,2,5,2,18
1352,3,-7741632156256245137,0,0,0,11,2,4,1,10
1353,3,3010116309081048540,0,1,1,8,5,2,1,6
1354,3,2052424120804361809,0,0,0,11,4,3,1,10
1355,3,8153893954554481325,0,1,1,9,3,4,2,14
1356,3,7647776859820896653,0,1,1,9,4,4,2,10
1357,3,-7237034668310914795,0,0,0,8,6,5,2,20
1358,3,5514599512234978837,0,1,1,5,8,2,2,10
1359,3,67195492304267864,0,0,0,9,3,4,1,13
1360,3,-8267583833758442725,0,1,1,10,5,3,2,10
1361,3,4441781518934868988,0,1,1,7,9,1,1,2
1362,3,-1151874304628817945,0,1,1,14,2,5,2,10
1363,3,29952666507538624,0,0,0,11,6,3,1,5
1364,3,-1370796915653906455,0,0,0,11,1,4,1,9
1365,3,1340142134214874317,0,0,0,11,3,5,2,15
1366,3,8671522445491166225,0,2,2,8,4,3,1,10
1367,3,1574136534225817899,0,0,0,9,1,4,1,11
1368,3,-4079128783488817826,0,0,0,7,2,4,2,16
1369,3,-4904992203969910154,0,1,1,10,2,4,2,10
1370,3,8274238730854040757,0,0,0,10,3,5,2,10
1371,3,-9052890236275022128,0,0,0,10,2,4,1,6
1372,3,8931714167674215411,0,0,0,11,2,5,2,12
1373,3,3175517686679721753,0,2,2,12,3,5,1,13
1374,3,-6819577263552461755,0,0,0,10,5,4,2,10
1375,3,252735000278204253,0,1,1,11,3,4,2,8
1376,3,-8764704259063173706,0,1,1,9,3,4,2,12
1377,3,1737316907333227150,0,2,2,9,1,3,1,11
1378,3,-8612706763085405175,0,1,1,12,1,4,1,10
1379,3,2754844677404980594,0,2,2,9,5,4,2,12
1380,3,-5891553046916035384,0,0,0,9,1,5,2,16
1381,3,3028734167633165534,0,0,0,10,1,5,2,14
1382,3,-215113708661411172,0,0,0,12,2,5,1,13
1383,3,539038638304008996,0,2,2,12,1,4,1,12
1384,3,3869718709103096287,0,2,2,10,4,4,1,12
1385,3,8971349747324645577,0,2,2,11,2,4,1,12
1386,3,-7082437416070997393,0,1,1,9,1,3,2,7
1387,3,5363752923071132795,0,1,1,12,1,5,2,14
1388,3,1694125507625917125,0,1,1,9,1,4,2,12
1389,3,4148485161894487617,0,0,0,12,1,6,2,14
1390,3,-8116916657816008635,0,2,2,9,5,3,2,9
1391,3,2372334780432187892,0,1,1,12,1,5,2,11
1392,3,3701155210824472791,0,2,2,10,4,3,1,9
1393,3,5608590042080683245,0,1,1,10,5,3,2,7
1394,3,4930202167943881141,0,0,0,11,1,5,2,12
1395,3,-7014827833613722881,0,1,1,10,8,2,2,4
1396,3,-7098060028478099578,0,0,0,8,2,3,1,11
1397,3,135232393528280743,0,0,0,14,1,6,2,14
1398,3,-7833845670087078996,0,1,1,10,3,4,2,12
1399,3,3765456728373008514,0,2,2,9,2,3,1,11
1400,3,2647676935227851481,0,1,1,9,1,4,2,14
1401,3,-859285843168884226,0,1,1,7,6,1,1,2
1402,3,-2275817405698015000,0,0,0,8,8,3,2,6
1403,3,1969254283429826388,0,1,1,10,4,2,1,4
1404,3,-8600022133538138646,0,2,2,11,2,4,1,14
1405,3,6706941091059922101,0,2,2,9,2,4,2,14
1406,3,-6039353316142794626,0,0,0,10,4,4,1,13
1407,3,-5703040879084873021,0,1,1,8,5,3,2,10
1408,3,-4084967986333902491,0,0,0,11,3,6,2,16
1409,3,-4501679060008483262,0,0,0,7,5,3,2,10
1410,3,7360610451942562900,0,1,1,12,2,5,2,10
1411,3,4020554381655324431,0,0,0,9,9,2,1,7
1412,3,6989864665280514572,0,1,1,8,5,2,1,6
1413,3,3736222259242875472,0,0,0,10,5,4,1,11
1414,3,141040600348757928,0,1,1,9,4,3,2,5
1415,3,4737284988159896556,0,2,2,8,5,3,2,7
1416,3,7917053215343746869,0,0,0,11,1,5,1,11
1417,3,1238713541076654909,0,1,1,10,2,3,2,8
1418,3,7803019192395859335,0,1,1,10,2,4,2,12
1419,3,563519499830347524,0,0,0,8,6,4,2,14
1420,3,-1721304105624106678,0,0,0,7,2,3,1,11
1421,3,-5419650453317720931,0,2,2,11,5,4,1,14
1422,3,-6312234470492133545,0,1,1,7,6,2,1,7
1423,3,5931571982036838003,0,0,0,9,1,5,2,18
1424,3,-7242054220527910840,0,0,0,8,6,3,1,9
1425,3,-764373046631909963,0,1,1,7,3,2,1,6
1426,3,1240173503789894477,0,1,1,8,2,2,1,6
1427,3,3005903046143415113,0,2,2,10,2,3,1,9
1428,3,-4526923736101789119,0,1,1,10,4,4,2,8
1429,3,6955678865924854784,0,0,0,9,2,3,1,8
1430,3,-934067350384624904,0,2,2,10,2,3,1,8
1431,3,8075753503431879692,0,2,2,10,1,3,1,10
1432,3,7859018432793960922,0,0,0,9,7,3,1,10
1433,3,1129433534012489134,0,1,1,13,2,5,1,12
1434,3,8457109391503509940,0,0,0,9,4,4,2,12
1435,3,-5911813290866417869,0,2,2,11,1,4,2,12
1436,3,-7473066620549659443,0,1,1,8,4,3,2,8
1437,3,-6653106619216245728,0,2,2,10,3,4,2,6
1438,3,-7616674997942174920,0,2,2,10,1,4,2,10
1439,3,-3288722340191930964,0,1,1,11,2,3,1,7
1440,3,-4433792754252139928,0,0,0,9,1,4,1,12
1441,3,7706883565005825646,0,0,0,8,4,3,1,9
1442,3,-3780044170989487607,0,1,1,12,4,2,1,6
1443,3,7012265691479010646,0,1,1,10,7,2,1,4
1444,3,-2750289304246414835,0,0,0,8,6,4,2,14
1445,3,-618447694243216415,0,0,0,12,1,5,1,16
1446,3,-5253060903171875324,0,1,1,9,6,3,2,11
1447,3,-7988504477890616440,0,2,2,9,4,4,2,11
1448,3,6372697588263713200,0,2,2,10,2,4,2,11
1449,3,8139029383660551801,0,0,0,8,2,4,2,12
1450,3,4612698527432164056,0,1,1,10,1,3,1,8
1451,3,2485737422292176776,0,0,0,8,6,3,2,8
1452,3,5403931838864141404,0,2,2,11,4,3,2,6
1453,3,-4465328238241270424,0,1,1,9,3,3,2,7
1454,3,5319527357100011145,0,2,2,9,5,4,2,11
1455,3,6035622096782019861,0,1,1,11,4,4,2,5
1456,3,4902180912038275246,0,2,2,8,8,3,2,11
1457,3,6043714736034873236,0,0,0,9,3,4,2,12
1458,3,4005969580873287663,0,2,2,11,2,4,1,11
1459,3,3193070804123301598,0,0,0,9,6,4,1,12
1460,3,1474207838518200152,0,0,0,9,2,4,1,13
1461,3,8071605242616917529,0,2,2,7,2,2,1,8
1462,3,7038342762359184693,0,0,0,10,5,5,2,12
1463,3,-9167491204199673591,0,0,0,9,2,4,2,10
1464,3,-9170040576814126688,0,2,2,12,1,5,2,14
1465,3,-8836279032310620475,0,1,1,12,3,4,2,5
1466,3,-6372931350750217638,0,0,0,8,5,3,1,9
1467,3,9032671564590662573,0,1,1,8,3,3,2,10
1468,3,1167724424482289630,0,2,2,9,2,3,1,7
1469,3,9157556304055819931,0,1,1,12,6,5,2,12
1470,3,5868812337094004659,0,0,0,8,2,3,1,7
1471,3,4015360564138747224,0,0,0,9,1,4,2,14
1472,3,-9060823160548659199,0,2,2,10,3,4,2,9
1473,3,1424276398353341520,0,1,1,10,4,2,1,2
1474,3,-8684864194726762393,0,0,0,12,2,5,2,12
1475,3,-4166203885609101943,0,2,2,11,2,4,2,5
1476,3,7743979897595741195,0,1,1,10,4,3,1,10
1477,3,8351178034478738129,0,0,0,9,7,3,1,5
1478,3,-4709424615734841102,0,0,0,9,6,5,2,18
1479,3,-7063266267139119305,0,1,1,8,3,3,2,10
1480,3,-370026211286562672,0,0,0,9,1,5,2,16
1481,3,470207692998349755,0,0,0,11,5,5,2,16
1482,3,-7067803992661766750,0,1,1,10,2,3,2,7
1483,3,-8715696563636544696,0,1,1,7,9,1,1,2
1484,3,-1309096751398948036,0,1,1,7,5,3,2,10
1485,3,-898595107061351966,0,1,1,10,5,4,2,12
1486,3,579425933899612445,0,1,1,8,7,2,1,6
1487,3,5157386016840870683,0,1,1,8,3,3,2,8
1488,3,5151284362668992842,0,0,0,8,3,4,2,14
1489,3,1370972767791778763,0,0,0,11,7,4,2,8
1490,3,2959225201728987865,0,0,0,9,2,4,1,13
1491,3,5050991218593243903,0,0,0,10,2,5,2,12
1492,3,8535935798661897741,0,0,0,9,3,3,1,8
1493,3,8774158633083946545,0,0,0,9,7,3,1,7
1494,3,-6874497007032490589,0,0,0,9,4,4,2,14
1495,3,-4245986159573939015,0,1,1,7,1,2,1,5
1496,3,3629003602728436075,0,1,1,9,3,3,2,9
1497,3,4796529311669864067,0,2,2,11,3,4,2,7
1498,3,2610401058709433881,0,1,1,11,2,4,2,11
1499,3,514318523733486082,0,0,0,10,3,5,2,14
1500,3,-9189279807031558564,0,0,0,10,1,4,1,12
1501,3,7285166263071534436,0,0,0,10,1,5,2,14
1502,3,4595336554527193392,0,2,2,10,2,3,1,6
1503,3,-6957411724825624825,0,2,2,9,4,4,2,14
1504,3,-190338011287025296,0,2,2,10,6,4,2,7
1505,3,7108209858398900523,0,1,1,9,4,3,2,3
1506,3,3111548609644155566,0,2,2,11,2,5,2,14
1507,3,7917282628446481639,0,0,0,12,2,5,2,9
1508,3,-4650045955195338938,0,0,0,11,2,4,1,9
1509,3,5875880115548274785,0,2,2,10,2,3,1,8
1510,3,593792230643604400,0,1,1,9,4,4,2,17
1511,3,5399881485343726649,0,0,0,15,1,7,2,12
1512,3,-1949571005324979434,0,0,0,7,7,3,1,13
1513,3,6379066933643056197,0,0,0,7,7,3,2,8
1514,3,4359083551753298214,0,1,1,11,4,3,1,6
1515,3,3724557894466844547,0,1,1,9,1,3,1,11
1516,3,2678286618393742632,0,1,1,9,2,3,1,9
1517,3,-348354378317147317,0,1,1,7,6,2,2,4
1518,3,430846988369707602,0,2,2,12,1,5,2,14
1519,3,-2738590605846268476,0,0,0,10,3,5,2,11
1520,3,-8302046036831692453,0,0,0,10,4,5,2,14
1521,3,-5689929983582723176,0,0,0,7,9,3,2,8
1522,3,-2617908525583571123,0,1,1,8,5,3,2,8
1523,3,-2743570170127092501,0,1,1,9,3,3,1,7
1524,3,-2217323982862244449,0,1,1,9,4,3,1,9
1525,3,2408758486558936456,0,2,2,8,6,2,1,9
1526,3,-6574133112691603582,0,0,0,8,5,4,2,14
1527,3,8731285138263417949,0,1,1,11,5,4,2,8
1528,3,503726402681770107,0,0,0,12,1,6,2,16
1529,3,407198566211587625,0,2,2,10,7,3,1,7
1530,3,6067914540441190449,0,2,2,10,3,4,2,9
1531,3,-4489507710292033677,0,2,2,13,1,6,2,16
1532,3,3182338860365326216,0,0,0,11,2,5,1,16
1533,3,2613625515055249853,0,0,0,10,3,5,2,14
1534,3,3738631406254829,0,1,1,12,3,5,2,12
1535,3,-210926006848792583,0,0,0,9,1,4,1,10
1536,3,7421139395309467123,0,0,0,11,3,6,2,16
1537,3,1141744002453188156,0,1,1,11,3,4,2,15
1538,3,2202606507532788767,0,0,0,7,7,2,1,5
1539,3,1311107829891526833,0,0,0,9,7,4,2,10
1540,3,-1265704836777024769,0,1,1,8,9,2,2,4
1541,3,6050322563352139215,0,1,1,12,2,3,1,7
1542,3,3259594651848962433,0,0,0,9,4,3,1,8
1543,3,814606490555066318,0,0,0,8,2,4,2,10
1544,3,1229262878114062465,0,2,2,9,1,3,1,7
1545,3,-8956834085811259050,0,0,0,12,2,5,2,10
1546,3,-6342095042300643165,0,0,0,11,3,5,2,12
1547,3,1624132398402072953,0,1,1,8,4,3,2,10
1548,3,-7734409253093185182,0,1,1,9,5,3,1,8
1549,3,3223135826883093219,0,1,1,9,3,2,1,4
1550,3,-2210608903905061527,0,2,2,10,1,5,2,16
1551,3,-6381484278149111216,0,1,1,10,3,3,1,7
1552,3,3998626537838415905,0,1,1,7,8,2,1,6
1553,3,776699261056536637,0,1,1,9,7,3,2,9
1554,3,-127754844250464118,0,1,1,12,1,5,2,12
1555,3,-280188145842615838,0,0,0,10,1,4,2,10
1556,3,-6773868945956905650,0,2,2,9,5,3,2,8
1557,3,-639736190020881058,0,1,1,8,2,2,1,8
1558,3,1366914852457100819,0,1,1,8,6,3,2,8
1559,3,3242363067962547508,0,2,2,9,1,4,2,13
1560,3,3919486015086673424,0,1,1,8,1,2,1,8
1561,3,-556451716311888138,0,0,0,11,4,5,1,15
1562,3,2319907447435807715,0,1,1,9,7,3,2,8
1563,3,1904491379872035135,0,1,1,9,4,2,1,6
1564,3,-3344115893609676128,0,0,0,8,5,3,1,6
1565,3,-8777873543949826843,0,0,0,9,3,4,2,10
1566,3,8786690030297471020,0,0,0,9,1,3,1,3
1567,3,-39812806196181649,0,1,1,9,3,3,2,10
1568,3,-4674106696334840628,0,1,1,9,4,3,2,7
1569,3,-8111929789182993212,0,2,2,10,2,4,1,12
1570,3,-832435639383308296,0,1,1,9,2,4,2,12
1571,3,3280673278970551845,0,0,0,9,1,4,1,15
1572,3,-2861824376378110347,0,0,0,11,3,5,2,14
1573,3,890342606415232093,0,0,0,12,4,4,1,10
1574,3,931148967331464610,0,2,2,7,3,3,2,10
1575,3,8734992145285672759,0,0,0,10,4,5,2,14
1576,3,319185035171723281,0,2,2,10,2,3,1,9
1577,3,-781260739330491345,0,1,1,11,2,4,2,9
1578,3,2781274327059877721,0,1,1,10,2,3,2,9
1579,3,3159900570951439979,0,2,2,11,3,4,2,11
1580,3,1682253352248784681,0,0,0,14,1,7,2,14
1581,3,4623962088793770475,0,0,0,10,1,4,1,12
1582,3,-2395089665221993056,0,0,0,10,2,5,2,14
1583,3,-2108106816016980481,0,0,0,8,1,4,2,11
1584,3,6346420369098581212,0,0,0,12,1,6,2,12
1585,3,2742993242132110073,0,1,1,10,2,3,1,10
1586,3,7826095750644619729,0,1,1,10,4,2,1,3
1587,3,-6869090369060700380,0,1,1,9,6,3,2,9
1588,3,-3356760490660658085,0,1,1,10,5,2,1,4
1589,3,5309594180014190324,0,0,0,8,8,3,1,9
1590,3,-283259702033341291,0,0,0,12,3,6,2,18
1591,3,8825040642308897918,0,0,0,11,5,4,2,10
1592,3,-1491340624582446741,0,0,0,9,1,3,1,9
1593,3,-8532016960172809686,0,1,1,11,1,5,2,15
1594,3,-794330745487594387,0,0,0,8,1,3,1,8
1595,3,-5475610654607414106,0,0,0,11,2,5,2,10
1596,3,-5580027122959655194,0,0,0,9,7,4,2,8
1597,3,3581670388636667933,0,2,2,14,2,6,2,11
1598,3,3042852010516190253,0,0,0,10,2,5,2,17
1599,3,-2957052080633996120,0,1,1,9,2,3,1,5
1600,3,-6715502431259466438,0,0,0,10,1,5,2,14
1601,3,-323485560520571388,0,1,1,10,1,3,1,5
1602,3,-86174262607713925,0,2,2,10,6,3,2,5
1603,3,5266441747403371141,0,0,0,12,3,5,2,12
1604,3,-4864976895559180056,0,1,1,8,1,4,2,18
1605,3,-3764353123379034805,0,1,1,12,1,5,2,13
1606,3,-6284276198439376043,0,1,1,9,4,3,1,6
1607,3,3166668481757583282,0,0,0,10,2,5,2,12
1608,3,3412702466617794822,0,1,1,11,1,4,2,10
1609,3,7252413601257756174,0,1,1,11,3,4,2,10
1610,3,-2538732813212295032,0,1,1,14,1,5,2,8
1611,3,-2574314093362744424,0,0,0,12,1,6,2,14
1612,3,-1739249285524265538,0,2,2,10,1,4,2,10
1613,3,6041429338409052578,0,0,0,9,1,5,2,16
1614,3,6214998806328081977,0,2,2,9,1,4,2,14
1615,3,4281611624232121874,0,1,1,12,2,4,1,16
1616,3,-2583307514484560179,0,0,0,10,2,4,1,13
1617,3,4316347242253176077,0,1,1,12,2,3,1,3
1618,3,-2019577183651897760,0,1,1,8,8,3,2,10
1619,3,690168649543692786,0,1,1,9,3,2,1,5
1620,3,852787745601182213,0,1,1,9,4,4,2,12
1621,3,4102036731645995913,0,2,2,8,2,2,1,9
1622,3,-2792678211950344632,0,1,1,8,7,2,1,6
1623,3,-306162470111557765,0,0,0,9,5,3,1,10
1624,3,-4347739167582580277,0,0,0,10,2,5,2,12
1625,3,-8610763546002956027,0,0,0,8,3,4,2,14
1626,3,554667301575671057,0,1,1,9,3,3,1,10
1627,3,-1972717737072812312,0,2,2,9,2,3,1,10
1628,3,-2549023835062203495,0,2,2,9,3,4,2,11
1629,3,-3657424285514802012,0,1,1,9,3,3,1,10
1630,3,-5830070490813795794,0,0,0,9,6,4,2,8
1631,3,4309642659700404964,0,1,1,10,4,3,2,8
1632,3,6649775291879495293,0,2,2,10,6,4,2,13
1633,3,4506738353487909691,0,1,1,11,6,3,1,7
1634,3,2524423182055994344,0,1,1,10,3,2,1,5
1635,3,-8419125921360958703,0,1,1,10,4,4,2,8
1636,3,1319487183310453145,0,0,0,8,6,4,2,10
1637,3,-3076038534476430889,0,1,1,13,2,5,1,13
1638,3,4667061208755238360,0,1,1,10,1,3,1,9
1639,3,-3596185953647819135,0,1,1,7,8,1,1,4
1640,3,-8250883165493697887,0,0,0,8,7,3,2,4
1641,3,1065538758057394229,0,0,0,10,1,5,1,15
1642,3,3560402803671951217,0,0,0,9,2,3,1,8
1643,3,-7271135824872860096,0,1,1,10,1,3,2,6
1644,3,629066274345428064,0,1,1,12,1,3,1,7
1645,3,3369132400396854089,0,1,1,9,1,2,1,3
1646,3,6863425023136406132,0,1,1,9,5,4,2,14
1647,3,280825508353771464,0,1,1,9,5,4,2,14
1648,3,-4702926439258241741,0,2,2,9,1,3,1,11
1649,3,196207300898287544,0,1,1,10,5,3,1,9
1650,3,-647324522075637383,0,1,1,11,3,4,2,6
1651,3,8431022940367994762,0,1,1,7,3,3,2,12
1652,3,7603707630266834316,0,2,2,9,3,4,2,14
1653,3,567471456097475677,0,1,1,8,2,3,2,6
1654,3,-4017495030037475731,0,1,1,9,2,3,1,9
1655,3,-9117155123005668500,0,0,0,8,5,4,2,10
1656,3,-8007217626298136976,0,1,1,11,3,4,2,11
1657,3,9072080954935289031,0,0,0,12,1,6,2,11
1658,3,-2730580486575482610,0,0,0,9,7,4,2,10
1659,3,8374525664025343302,0,0,0,8,5,4,2,12
1660,3,-5669133775029921798,0,0,0,12,4,4,1,8
1661,3,6988089083854842809,0,0,0,10,1,5,2,14
1662,3,-7757797508526344847,0,0,0,11,2,5,2,14
1663,3,-5460361868720038556,0,2,2,11,1,4,1,13
1664,3,3702676662926702550,0,0,0,10,2,4,1,13
1665,3,9045090913486908842,0,0,0,10,2,3,1,4
1666,3,-1282815522883300739,0,0,0,8,6,4,2,16
1667,3,-8836203910219119353,0,1,1,10,3,4,2,10
1668,3,-6838652177172219962,0,0,0,8,7,3,2,8
1669,3,-3423132029903240381,0,1,1,11,4,4,2,12
1670,3,-5801030668092458898,0,1,1,10,4,2,1,6
1671,3,8350635230332936420,0,1,1,10,2,3,1,7
1672,3,-8786327888129932255,0,0,0,11,1,5,2,14
1673,3,3409972668550067171,0,1,1,9,8,2,2,8
1674,3,8226639564676816722,0,0,0,7,9,3,2,10
1675,3,-4288324442107819101,0,1,1,9,1,4,2,10
1676,3,-1399339511987871153,0,1,1,9,2,3,1,12
1677,3,-4407542383641405410,0,1,1,9,5,4,2,10
1678,3,-4829517383413934705,0,0,0,12,1,6,2,16
1679,3,-7509593011580006303,0,1,1,10,2,4,2,10
1680,3,8682444629397749582,0,1,1,9,2,4,2,18
1681,3,4082776639663131706,0,1,1,10,1,4,2,10
1682,3,4772261390053062235,0,0,0,8,6,5,2,20
1683,3,834360936470381870,0,0,0,10,1,5,2,12
1684,3,-5265172005343572432,0,0,0,8,5,3,1,9
1685,3,-5834693862474812752,0,1,1,11,1,4,1,12
1686,3,551158600590602307,0,0,0,9,4,3,1,7
1687,3,-8573696393397095024,0,2,2,8,4,4,2,15
1688,3,6345696165702366875,0,2,2,10,3,3,1,6
1689,3,5111979397780162225,0,1,1,12,3,3,1,9
1690,3,-86458704929088603,0,1,1,9,3,3,2,6
1691,3,-7294366268375556865,0,2,2,12,4,4,2,8
1692,3,-5876506185579719865,0,2,2,11,1,4,1,12
1693,3,-494966576800285025,0,2,2,10,1,4,2,14
1694,3,6893231476331110709,0,1,1,10,2,4,2,10
1695,3,1926833643872072039,0,1,1,7,9,2,2,8
1696,3,-166436805311250301,0,0,0,9,1,5,2,16
1697,3,-4447818469089608049,0,2,2,8,6,2,1,9
1698,3,-1637670979306278788,0,0,0,11,2,5,2,16
1699,3,4822242989930659241,0,0,0,13,2,5,1,10
1700,3,-2848425638960760143,0,0,0,9,7,4,2,12
1701,3,8890813675337865934,0,1,1,10,2,3,1,8
1702,3,471530017362708052,0,1,1,11,2,3,1,6
1703,3,3561043464060242969,0,2,2,13,2,5,1,14
1704,3,874435705189665990,0,0,0,7,5,2,1,3
1705,3,-4944912085650036135,0,0,0,7,7,3,2,8
1706,3,-5212735094366698643,0,0,0,12,3,5,1,15
1707,3,-4915777221403582207,0,2,2,9,1,3,1,8
1708,3,6803335165649800907,0,0,0,10,1,5,1,15
1709,3,-1214229525294814877,0,1,1,11,1,5,2,10
1710,3,768282901159023308,0,1,1,10,3,3,2,6
1711,3,151776843439129885,0,1,1,9,4,3,1,7
1712,3,-5765144113817078690,0,1,1,8,6,1,1,1
1713,3,7910431868005788627,0,0,0,9,3,4,1,15
1714,3,-2296013895249665977,0,0,0,8,3,4,2,14
1715,3,1054677328889454622,0,0,0,11,1,6,2,16
1716,3,-1373223333582034126,0,1,1,9,6,2,2,4
1717,3,-5865414478943428669,0,0,0,10,3,5,2,14
1718,3,-5541471494755246326,0,2,2,10,1,3,1,9
1719,3,-955643158679739609,0,1,1,8,2,2,1,8
1720,3,-7904565381381273206,0,0,0,8,8,3,1,11
1721,3,-1204624623821365246,0,1,1,10,2,4,2,13
1722,3,2124502186081361940,0,0,0,11,1,5,1,13
1723,3,4504328962599125843,0,0,0,10,3,4,1,11
1724,3,8522319300189834434,0,2,2,9,4,4,2,15
1725,3,-8632697002274531693,0,0,0,12,3,5,2,12
1726,3,-2529983147975821126,0,0,0,8,5,4,2,14
1727,3,7237870589324362797,0,1,1,9,2,4,2,12
1728,3,-1238774634254768186,0,0,0,8,5,3,1,11
1729,3,-1897396297887355092,0,2,2,9,3,4,2,14
1730,3,3271518006482237732,0,2,2,9,1,4,2,13
1731,3,-7577777947952524746,0,0,0,8,5,4,2,13
1732,3,7539373802204455321,0,0,0,7,6,3,1,13
1733,3,-7140656612869776968,0,1,1,7,7,2,2,2
1734,3,7687831278831710924,0,1,1,11,4,3,1,7
1735,3,-1089284875841884830,0,1,1,12,4,5,2,14
1736,3,-82158100208352304,0,1,1,9,6,2,1,3
1737,3,6607160915665853653,0,2,2,11,3,4,1,14
1738,3,701215290191924994,0,1,1,8,3,3,2,8
1739,3,5309387508475847579,0,2,2,11,5,4,2,14
1740,3,-6207424643440748268,0,0,0,11,5,4,1,13
1741,3,-9065687009034258345,0,0,0,9,3,5,2,16
1742,3,2867269088801420650,0,2,2,8,1,3,1,14
1743,3,-2048810803126658243,0,0,0,10,5,4,1,11
1744,3,3022572108440583076,0,0,0,10,1,6,2,20
1745,3,1033057356607330243,0,2,2,10,5,3,1,8
1746,3,2129922523710718587,0,2,2,12,1,5,2,8
1747,3,5077446533567475096,0,1,1,7,1,3,2,12
1748,3,-1648616379524959280,0,0,0,9,5,4,2,8
1749,3,2362298344319309013,0,0,0,11,2,6,2,16
1750,3,-4643746213627179518,0,1,1,8,5,3,2,7
1751,3,-559511628400242318,0,0,0,10,5,5,2,14
1752,3,-5989270613852903809,0,2,2,10,6,3,1,10
1753,3,-3795771286279075334,0,0,0,9,3,4,1,15
1754,3,3978300695418651037,0,1,1,9,9,2,2,6
1755,3,8228372709113648514,0,0,0,10,3,4,1,12
1756,3,1716341608038421418,0,1,1,10,1,3,2,5
1757,3,663603777826256087,0,1,1,10,3,4,2,12
1758,3,-6180459095390011583,0,1,1,10,5,4,2,10
1759,3,-6397275365287613706,0,1,1,9,6,2,1,5
1760,3,-6296181431685896993,0,2,2,14,1,4,1,7
1761,3,-5051096087980201792,0,1,1,10,2,3,2,6
1762,3,4045334653979711413,0,1,1,10,6,3,1,10
1763,3,-6180630205495181330,0,1,1,9,3,2,1,7
1764,3,1914645572918266815,0,0,0,10,3,4,2,7
1765,3,3967946074632032578,0,1,1,8,5,2,1,6
1766,3,3469826569540423956,0,2,2,11,1,5,2,14
1767,3,-8586603315568203266,0,0,0,9,3,3,1,8
1768,3,-3910590570782674816,0,0,0,7,9,2,1,3
1769,3,-6420481713480563559,0,0,0,13,1,7,2,18
1770,3,-4344358494459200177,0,1,1,7,6,3,2,13
1771,3,4218968318896480432,0,1,1,8,6,3,2,10
1772,3,244017960807149675,0,1,1,9,4,3,2,6
1773,3,8941739680093972026,0,1,1,10,1,3,1,8
1774,3,-1991630921893322583,0,0,0,14,1,5,1,5
1775,3,-7437089191721187328,0,1,1,8,1,3,2,8
1776,3,-470589146944066465,0,0,0,14,2,5,1,10
1777,3,-5978934296752006837,0,1,1,9,6,3,1,11
1778,3,7915757905722976313,0,1,1,9,2,3,2,8
1779,3,-5724841548861895970,0,1,1,9,1,3,1,9
1780,3,7346955016115316556,0,0,0,8,5,3,1,7
1781,3,863370341227168550,0,1,1,11,2,4,2,11
1782,3,4003604673939402859,0,1,1,9,4,3,2,8
1783,3,7104135260814984623,0,2,2,11,2,5,2,10
1784,3,-3923012821108575047,0,0,0,8,4,4,2,14
1785,3,-3280786622911472166,0,0,0,8,5,4,2,12
1786,3,3072337077085068159,0,1,1,8,6,2,1,6
1787,3,3698986845813768397,0,2,2,7,5,2,1,6
1788,3,-7558334249063352513,0,0,0,9,8,4,2,11
1789,3,-2163120132027508054,0,1,1,11,2,4,2,10
1790,3,326066951337408521,0,0,0,9,1,4,2,10
1791,3,6916983913513614082,0,2,2,10,4,3,1,8
1792,3,-8391770936571629812,0,1,1,9,8,2,1,2
1793,3,8411421368087549068,0,1,1,8,5,2,1,8
1794,3,-20805395062556817,0,1,1,12,1,5,2,12
1795,3,-3853121836900056047,0,0,0,9,3,5,2,18
1796,3,-1704389653631248287,0,1,1,9,6,3,2,4
1797,3,-487549782415781206,0,0,0,9,5,4,2,14
1798,3,3952391917870822511,0,2,2,9,1,3,1,13
1799,3,1329360384378382125,0,2,2,10,1,4,2,7
1800,3,4959168786434349588,0,2,2,9,3,4,2,11
1801,3,-7224469723546608924,0,1,1,11,2,3,1,7
1802,3,4081832931554036118,0,0,0,12,2,5,1,9
1803,3,4368713173675353472,0,1,1,13,3,4,1,6
1804,3,3503189332727415823,0,1,1,11,5,5,2,12
1805,3,-8005077513722801075,0,1,1,13,6,5,2,9
1806,3,-1360142027543513143,0,2,2,10,2,4,1,12
1807,3,-6876378105054871386,0,0,0,11,1,6,2,16
1808,3,-1129584069787378225,0,0,0,14,3,5,1,7
1809,3,-8270128054483781206,0,1,1,9,2,3,2,8
1810,3,-6977452797994754880,0,2,2,9,1,4,2,15
1811,3,7915272445869085999,0,0,0,11,3,5,2,14
1812,3,3684536551539475686,0,1,1,7,2,3,2,11
1813,3,-787424457769788426,0,1,1,11,3,4,2,10
1814,3,-5226105504518768250,0,0,0,10,4,5,2,15
1815,3,44522079116150048,0,0,0,9,5,4,2,9
1816,3,-4698719552569091207,0,0,0,10,2,4,2,8
1817,3,4134601339983901921,0,1,1,8,5,3,2,9
1818,3,8666716121666914555,0,0,0,11,2,4,1,9
1819,3,7528008939857785459,0,1,1,10,1,4,2,8
1820,3,-5375940226336569662,0,1,1,11,4,3,1,4
1821,3,-8837365623422678708,0,1,1,7,7,3,2,10
1822,3,-3206155163673647534,0,0,0,10,2,5,2,14
1823,3,-505115609577354862,0,2,2,9,5,4,2,15
1824,3,5097637859734420879,0,1,1,9,3,2,1,9
1825,3,6465628942954945486,0,1,1,8,4,3,2,8
1826,3,5134198179704357779,0,1,1,12,2,4,1,10
1827,3,8629291560549309408,0,0,0,10,3,5,2,15
1828,3,6147660542623311553,0,0,0,9,3,4,1,13
1829,3,-982757512298451150,0,0,0,12,1,5,1,12
1830,3,-8744651337584054246,0,0,0,9,2,4,2,8
1831,3,9205081406221781552,0,1,1,10,7,3,2,8
1832,3,-3094712554214979633,0,2,2,10,1,5,2,19
1833,3,6582129143277148407,0,0,0,10,6,4,1,14
1834,3,-7524845124487925994,0,0,0,9,6,4,2,11
1835,3,-122170575064187060,0,1,1,11,2,4,2,8
1836,3,8107857792733332288,0,1,1,8,6,2,1,8
1837,3,-1524676711958076465,0,2,2,8,5,3,1,12
1838,3,-587581538346099189,0,0,0,7,6,2,1,5
1839,3,4765247072515144303,0,1,1,9,3,3,2,10
1840,3,5705032008535959348,0,1,1,9,2,3,1,9
1841,3,7873541953322828320,0,1,1,10,1,3,1,7
1842,3,5670384675119655760,0,0,0,10,5,4,1,13
1843,3,-1081071501753849397,0,1,1,10,3,4,2,10
1844,3,-5926928611762107428,0,0,0,9,6,3,1,7
1845,3,-5645586808841367418,0,1,1,9,1,3,2,9
1846,3,3006298064276200594,0,1,1,11,3,3,1,5
1847,3,6710133682039510277,0,1,1,9,2,4,2,12
1848,3,6342047798640296446,0,1,1,10,1,3,1,8
1849,3,5491344314847209551,0,1,1,10,2,3,1,9
1850,3,5097003802086057295,0,0,0,12,2,6,2,14
1851,3,2263245241490003892,0,1,1,10,2,4,2,10
1852,3,-473314191510957710,0,1,1,10,1,4,2,10
1853,3,6158471991955931645,0,0,0,10,3,4,1,11
1854,3,-718265242928820900,0,1,1,11,1,4,2,7
1855,3,-8071319557104653339,0,1,1,10,5,4,2,12
1856,3,-6309461613632141401,0,0,0,10,2,5,2,17
1857,3,-6591399134895118392,0,0,0,11,1,4,1,11
1858,3,3679436504957708128,0,0,0,9,3,5,2,16
1859,3,-5565962754320808806,0,1,1,11,7,2,1,3
1860,3,460640849110996510,0,1,1,10,1,4,2,12
1861,3,-8989244474994657255,0,2,2,10,5,3,1,9
1862,3,3141124869226846039,0,2,2,10,1,3,1,10
1863,3,8205065560950765638,0,0,0,11,2,6,2,16
1864,3,-3716666383197273874,0,0,0,8,6,3,1,7
1865,3,2555478013340907537,0,1,1,11,2,4,2,10
1866,3,1134344828712741135,0,1,1,9,4,4,2,14
1867,3,-8332843859517998254,0,2,2,7,2,3,2,12
1868,3,-6651880418160730817,0,0,0,12,3,6,2,13
1869,3,3206938633051551232,0,2,2,9,2,3,1,7
1870,3,3426119457071101614,0,0,0,10,2,4,1,13
1871,3,8312728237101460124,0,1,1,10,2,3,2,4
1872,3,-5344546509764419633,0,1,1,12,1,4,2,10
1873,3,-8023593523336463378,0,1,1,10,2,4,2,12
1874,3,-7140655516020482262,0,1,1,8,3,3,2,8
1875,3,7825993617235518963,0,0,0,13,2,6,2,12
1876,3,8689267739900689264,0,0,0,11,1,5,2,8
1877,3,8811646980700901909,0,1,1,11,2,3,1,7
1878,3,-4391572840450765617,0,1,1,12,1,4,1,11
1879,3,-5394310772122371428,0,2,2,9,2,4,2,11
1880,3,-3036495863326879865,0,2,2,11,2,3,1,7
1881,3,-8584670305557032604,0,1,1,10,2,3,1,7
1882,3,-6414353774899115075,0,1,1,10,6,3,2,6
1883,3,825974149257534928,0,1,1,12,2,3,1,7
1884,3,-596994676451809649,0,0,0,7,9,2,1,7
1885,3,-4181648854491167234,0,1,1,9,8,2,1,6
1886,3,-3577691525780721560,0,2,2,11,1,4,1,13
1887,3,-247971487440111813,0,0,0,10,1,6,2,20
1888,3,-5901119103343819628,0,1,1,10,3,2,1,4
1889,3,-5543297987461783111,0,0,0,9,3,4,2,10
1890,3,2079703977943059990,0,2,2,12,1,5,2,11
1891,3,-8397917437772612737,0,0,0,14,1,6,2,12
1892,3,-7328464853666413127,0,0,0,10,2,4,1,11
1893,3,-8013405792630391136,0,2,2,13,1,5,1,15
1894,3,5923173832506441060,0,0,0,6,6,3,2,12
1895,3,5715130755549615791,0,0,0,10,4,5,2,12
1896,3,739785344858508466,0,2,2,11,3,3,1,5
1897,3,-8594697995390619279,0,0,0,7,8,2,1,7
1898,3,3811333731429446338,0,1,1,10,2,3,1,10
1899,3,-1137721648804878636,0,0,0,11,1,5,2,14
1900,3,-5434620682709335733,0,1,1,11,2,5,2,13
1901,3,-5536164276702319584,0,0,0,9,1,4,1,14
1902,3,-2251151483420285710,0,1,1,11,3,5,2,13
1903,3,-66284307672349076,0,0,0,12,1,5,1,10
1904,3,6017123727747456735,0,1,1,11,1,4,2,11
1905,3,744034171106766930,0,0,0,8,3,4,2,12
1906,3,2436988758253699981,0,1,1,12,2,3,1,9
1907,3,-9116343154203744538,0,1,1,10,4,4,2,10
1908,3,8385432198180508385,0,1,1,9,2,4,2,11
1909,3,4378321804301079011,0,1,1,9,3,3,1,7
1910,3,4525009105357651326,0,2,2,8,2,3,2,7
1911,3,3328475198544739111,0,1,1,8,4,3,2,12
1912,3,-5877566513167979689,0,1,1,10,4,3,1,8
1913,3,-485933447702361759,0,0,0,10,2,5,2,14
1914,3,1771586420529551236,0,0,0,10,5,3,1,6
1915,3,4879671273945756168,0,1,1,7,3,3,2,10
1916,3,-2685373682995325607,0,2,2,11,1,5,2,14
1917,3,-4733804739995380082,0,0,0,10,2,4,1,9
1918,3,1033101064712475317,0,0,0,10,2,5,2,12
1919,3,1608544996562452693,0,0,0,10,5,5,2,13
1920,3,-3116514119136302185,0,1,1,10,1,4,2,9
1921,3,8061475044170183393,0,1,1,8,2,3,2,12
1922,3,-6338823605447449866,0,0,0,11,2,5,2,11
1923,3,-1217394809732825649,0,1,1,9,2,3,2,8
1924,3,-4481624959114734383,0,0,0,9,3,4,1,11
1925,3,-704116446854425594,0,1,1,10,1,3,1,8
1926,3,-6652992503501015677,0,0,0,8,6,3,1,9
1927,3,-7336113689164035413,0,1,1,9,3,3,2,8
1928,3,-2629054038798192036,0,0,0,9,4,4,2,12
1929,3,-1089559055840772518,0,0,0,9,7,3,1,11
1930,3,-6666317948309190802,0,2,2,11,1,4,2,10
1931,3,1021351018797649682,0,0,0,8,5,2,1,6
1932,3,4595575739189550756,0,2,2,12,2,5,2,11
1933,3,1802398116364380016,0,0,0,12,2,6,2,18
1934,3,7333406575230520343,0,0,0,12,2,5,1,13
1935,3,-1493542881613249761,0,0,0,8,5,4,2,12
1936,3,6273247421911956388,0,2,2,10,1,4,2,9
1937,3,5111009155706661006,0,0,0,9,5,4,2,12
1938,3,2395936148666524601,0,0,0,9,3,4,2,12
1939,3,3234847725029935588,0,2,2,11,2,4,2,4
1940,3,-576826192842894993,0,1,1,7,6,3,2,10
1941,3,3338651308297552176,0,0,0,11,1,6,2,16
1942,3,6563834306979160542,0,1,1,9,5,2,1,5
1943,3,5515203269875456997,0,0,0,8,5,3,1,7
1944,3,-8247516958979965781,0,2,2,13,1,6,2,15
1945,3,-3635638979272775292,0,0,0,7,3,3,1,13
1946,3,5617846811491361765,0,0,0,6,6,3,2,14
1947,3,4703908635074265498,0,2,2,10,1,5,2,16
1948,3,3114092439827754257,0,0,0,8,4,4,2,14
1949,3,4320028821526279405,0,0,0,9,5,4,2,12
1950,3,-4340915747827746941,0,1,1,8,7,3,2,8
1951,3,4265770415292685810,0,2,2,11,1,4,2,11
1952,3,-6258159833881480209,0,0,0,14,2,6,1,16
1953,3,-269298293263039359,0,0,0,10,1,4,1,11
1954,3,1575751404627382590,0,0,0,9,4,4,1,11
1955,3,-5293442079785645877,0,2,2,12,2,5,1,14
1956,3,-7494165642156121435,0,2,2,10,1,5,2,16
1957,3,3991534890185804171,0,0,0,10,3,5,2,13
1958,3,-2150804475962060044,0,0,0,10,1,6,2,20
1959,3,-8757125350527452805,0,2,2,9,4,4,2,16
1960,3,1940289647686727979,0,0,0,9,3,4,2,8
1961,3,5552599996413220873,0,0,0,7,5,3,2,10
1962,3,-1948274359737179565,0,0,0,8,3,4,2,10
1963,3,-4344926495969296054,0,1,1,12,2,5,1,14
1964,3,8951302026947814538,0,2,2,8,4,3,1,12
1965,3,-621951065478297298,0,1,1,10,5,3,1,6
1966,3,5972336131527692126,0,2,2,8,4,4,2,16
1967,3,2259140386716849653,0,1,1,10,3,4,2,10
1968,3,-6971338088022143650,0,1,1,11,1,5,2,12
1969,3,-2951700238819889695,0,1,1,11,5,4,2,7
1970,3,-68978406668514578,0,0,0,8,7,4,2,12
1971,3,-663284825903715283,0,1,1,8,4,3,2,9
1972,3,5244841597691426395,0,2,2,13,2,4,1,8
1973,3,-7063337382297005763,0,0,0,10,1,4,1,9
1974,3,-7699169447513559761,0,1,1,9,6,3,2,8
1975,3,-6238516862521155050,0,2,2,8,3,2,1,7
1976,3,-7712648321469666619,0,0,0,11,1,5,1,12
1977,3,3919350590755588879,0,1,1,10,2,3,1,8
1978,3,3504750289530735647,0,0,0,12,1,6,2,12
1979,3,2126683959193450953,0,2,2,8,5,3,2,8
1980,3,-2854130000759522058,0,1,1,9,9,2,2,4
1981,3,3795008089964700251,0,1,1,8,5,4,2,16
1982,3,-6592709878265994734,0,1,1,9,6,3,1,6
1983,3,1560355221777474514,0,1,1,9,4,3,1,10
1984,3,-7485909150233144100,0,0,0,9,2,4,1,12
1985,3,-7305129453068992552,0,1,1,11,1,3,1,5
1986,3,-2750133537795341264,0,1,1,9,6,3,2,8
1987,3,-834592401950500430,0,2,2,9,3,3,1,9
1988,3,4216230094225526392,0,2,2,9,1,2,1,6
1989,3,8284197988534874223,0,0,0,13,4,5,1,8
1990,3,-4252414074842191627,0,2,2,11,1,4,1,10
1991,3,-3442065507496703906,0,1,1,8,1,3,2,8
1992,3,-7972971425552848800,0,2,2,9,2,4,2,14
1993,3,1442250680118409152,0,0,0,12,4,6,2,15
1994,3,-7783056854305046863,0,1,1,11,4,3,1,8
1995,3,5018117773074336446,0,1,1,12,4,3,1,6
1996,3,7168868009992421949,0,2,2,10,2,2,1,5
1997,3,-1658899216828796260,0,0,0,11,3,5,2,12
1998,3,-2114867917769616890,0,1,1,11,2,4,1,13
1999,3,5361154555176940591,0,1,1,8,2,3,2,8
2000,3,-6125069922790085810,0,0,0,9,7,4,2,8
2001,3,8748592993461668236,0,0,0,9,2,4,2,8
2002,3,-912554602749541267,0,1,1,9,4,2,1,3
2003,3,6925673941130390273,0,0,0,14,1,6,2,10
2004,3,5963160023926489316,0,2,2,13,1,4,1,11
2005,3,478223706216706889,0,2,2,12,2,5,1,14
2006,3,2703335164928905905,0,0,0,11,4,5,2,13
2007,3,-1633994954219433222,0,2,2,12,6,5,2,11
2008,3,-2544567620302283548,0,0,0,9,1,4,1,14
2009,3,9166295641508562754,0,1,1,8,8,3,2,12
2010,3,2701106927809637233,0,1,1,11,1,4,1,12
2011,3,1174947863147988946,0,0,0,9,2,4,2,10
2012,3,-9207258632603233208,0,0,0,9,6,3,1,8
2013,3,-5135118213241249767,0,1,1,9,1,3,1,11
2014,3,-7287343484795677277,0,1,1,11,2,3,1,8
2015,3,-6704836131115620427,0,0,0,8,1,3,1,13
2016,3,-92762856535947874,0,0,0,7,7,4,2,18
2017,3,-2835366050413212122,0,2,2,10,3,3,2,7
2018,3,7912443515180984076,0,0,0,10,5,4,1,9
2019,3,-8972392443800506940,0,2,2,11,2,4,1,12
2020,3,-6788487344460122233,0,0,0,8,3,4,2,16
2021,3,-7730332991327610382,0,1,1,10,2,4,2,14
2022,3,1510652502432139976,0,0,0,9,4,3,1,11
2023,3,-3320773582526587756,0,1,1,9,3,3,2,7
2024,3,-7639681391905306823,0,1,1,9,1,3,1,8
2025,3,8962729821830813374,0,0,0,8,7,3,1,7
2026,3,-4560549822627014712,0,0,0,9,8,3,1,10
2027,3,-4721477689244223315,0,1,1,9,3,2,1,5
2028,3,1873560293502347006,0,1,1,9,7,3,2,8
2029,3,-3729660819279444742,0,0,0,13,2,6,2,16
2030,3,-6763325857011927217,0,1,1,7,5,3,2,10
2031,3,679292882028778252,0,1,1,9,3,2,1,7
2032,3,-3919857058315473741,0,0,0,10,1,5,2,10
2033,3,7296106389123581134,0,0,0,10,4,5,2,13
2034,3,-85903478317180043,0,2,2,11,1,4,1,12
2035,3,-8000512265300679775,0,1,1,9,2,2,1,7
2036,3,-6856985198582845366,0,0,0,11,3,4,1,9
2037,3,7024060139531999380,0,1,1,9,4,3,2,12
2038,3,4344356553579316644,0,0,0,9,6,3,1,7
2039,3,-994056092806237230,0,2,2,9,3,3,1,9
2040,3,3686140568856918600,0,0,0,9,3,4,1,13
2041,3,7523265406291801947,0,1,1,10,2,4,2,9
2042,3,-7999657351318479586,0,0,0,8,5,4,1,15
2043,3,3336817039661603062,0,1,1,10,2,3,1,8
2044,3,-599836014822702521,0,0,0,13,6,4,1,9
2045,3,6141649744911691622,0,1,1,11,1,5,2,16
2046,3,-7944209423346248332,0,1,1,9,1,3,2,11
2047,3,8748064810126851803,0,0,0,12,2,6,1,17
2048,3,8831008223881854325,0,1,1,11,4,5,2,14
2049,3,-459816557733914453,0,2,2,9,4,3,1,9
2050,3,7373590855732389136,0,1,1,7,1,3,2,10
2051,3,-3112547375773056447,0,2,2,10,2,3,1,8
2052,3,-5092128969279029996,0,1,1,10,1,3,1,8
2053,3,-4051563071305689259,0,0,0,8,5,4,2,12
2054,3,617831545052531628,0,0,0,11,3,4,1,9
2055,3,-2697055598309172387,0,0,0,12,2,5,2,12
2056,3,-1255545559543669512,0,0,0,13,3,5,1,11
2057,3,-654439956305727933,0,1,1,10,1,4,2,12
2058,3,-7710261240432629543,0,1,1,9,7,2,1,6
2059,3,3212956829704132695,0,2,2,10,1,3,1,9
2060,3,-7543411647892979188,0,0,0,11,1,5,2,10
2061,3,5005268225488085382,0,1,1,8,5,2,1,6
2062,3,6714089370776527482,0,2,2,10,3,5,2,16
2063,3,5592385847230080972,0,2,2,12,3,4,1,10
2064,3,-8429127220501468979,0,1,1,9,1,3,2,8
2065,3,-3137729217293604633,0,0,0,10,2,6,2,20
2066,3,2228561867245886278,0,0,0,9,4,5,2,16
2067,3,5112199540532687692,0,0,0,9,2,4,1,13
2068,3,-7698563339708398643,0,1,1,9,3,3,1,6
2069,3,-5178333637298507170,0,1,1,10,2,3,1,11
2070,3,9036194708545943881,0,0,0,9,5,5,2,16
2071,3,7044746065522313693,0,0,0,8,3,4,2,12
2072,3,2127928528341658161,0,0,0,10,4,4,1,11
2073,3,-4492722189944441700,0,1,1,10,3,4,2,10
2074,3,-7244709798690358173,0,0,0,6,8,3,1,15
2075,3,7435473479602821750,0,2,2,10,6,3,2,7
2076,3,1365571393381340724,0,0,0,10,2,5,2,14
2077,3,-5313556928173092478,0,0,0,7,8,3,2,8
2078,3,-9154325708954229561,0,0,0,8,2,3,1,7
2079,3,5665198102787964549,0,1,1,9,3,3,2,6
2080,3,8792171163741451170,0,2,2,13,1,4,1,6
2081,3,-6874200837531416408,0,1,1,9,3,3,2,8
2082,3,-4117568294143940226,0,0,0,7,4,3,1,11
2083,3,-141820505060338582,0,0,0,11,1,5,1,15
2084,3,-5192393019604779426,0,0,0,13,6,6,2,16
2085,3,2942761158715505111,0,0,0,8,6,3,1,11
2086,3,-2287990907959755038,0,0,0,8,4,4,2,14
2087,3,-4315518793190184454,0,2,2,10,3,5,2,15
2088,3,-1170528946178690852,0,2,2,9,2,3,1,9
2089,3,-1675102957824329841,0,0,0,10,2,4,1,10
2090,3,4086055411839020323,0,2,2,9,2,5,2,20
2091,3,-9187488102342084868,0,1,1,8,7,2,1,6
2092,3,-8189539223074995545,0,0,0,10,2,4,1,9
2093,3,-9143678047784605310,0,2,2,7,3,3,1,15
2094,3,5375068506181072581,0,0,0,10,2,6,2,20
2095,3,183899884810643375,0,0,0,11,2,5,1,13
2096,3,8079068109935015644,0,0,0,7,6,3,2,10
2097,3,-3614109426711134441,0,1,1,11,5,3,2,3
2098,3,-4452922501488029920,0,0,0,9,5,3,1,9
2099,3,239354613802547011,0,2,2,10,2,3,1,7
2100,3,-2214449289288533330,0,1,1,9,2,3,2,9
2101,3,-651097023061216792,0,1,1,10,7,2,1,6
2102,3,-4838437108804099873,0,0,0,9,4,5,2,18
2103,3,4877649540728429147,0,0,0,10,4,5,2,14
2104,3,1724729897104430048,0,0,0,9,4,3,1,10
2105,3,4907613413650143300,0,0,0,6,7,3,2,10
2106,3,3844201695054357634,0,0,0,10,1,6,2,20
2107,3,-4331994398612391535,0,1,1,8,4,2,1,6
2108,3,-5926919442521792690,0,0,0,9,1,5,2,16
2109,3,-8560236654296496210,0,1,1,10,4,4,2,10
2110,3,-5085943961928071460,0,2,2,8,2,3,1,13
2111,3,-4773142140774679566,0,0,0,9,3,5,2,16
2112,3,900524903822483300,0,1,1,9,2,4,2,10
2113,3,-4990658776610617508,0,0,0,10,3,5,2,14
2114,3,-7637101533249658987,0,1,1,11,1,3,1,5
2115,3,550705703972643198,0,0,0,9,3,5,2,16
2116,3,-5189864099858294107,0,0,0,13,2,5,1,7
2117,3,-5153908148955704648,0,1,1,7,6,1,1,4
2118,3,-4423282144303761496,0,1,1,8,4,2,1,4
2119,3,-3923232121204773463,0,2,2,12,3,5,1,17
2120,3,-2506568768541013467,0,1,1,8,2,3,2,8
2121,3,-6510521984633312285,0,1,1,7,8,3,2,11
2122,3,-727231474569289754,0,0,0,8,4,4,2,14
2123,3,-351920236373483043,0,1,1,10,1,3,1,8
2124,3,-7664184743449372656,0,1,1,8,4,3,2,10
2125,3,3894202432291716653,0,2,2,9,3,3,1,11
2126,3,8681820847547996018,0,0,0,9,2,5,2,16
2127,3,-826569349283559434,0,0,0,11,2,5,2,10
2128,3,-2673317843186422239,0,1,1,10,3,3,1,8
2129,3,3418245881014866078,0,1,1,11,4,4,1,11
2130,3,8966398135005020740,0,1,1,9,6,3,2,8
2131,3,8743046857026161860,0,0,0,10,6,4,2,6
2132,3,4495932260805383211,0,0,0,8,5,3,1,8
2133,3,-51416601694926735,0,0,0,10,5,4,2,8
2134,3,-362907953879732314,0,2,2,9,3,3,1,8
2135,3,569354688214035085,0,2,2,10,1,5,2,16
2136,3,1563857929054068372,0,0,0,8,3,4,2,10
2137,3,-6003137156259316845,0,0,0,8,1,4,2,10
2138,3,6588679442209681594,0,1,1,10,1,3,1,12
2139,3,-1957088240854162552,0,2,2,11,1,5,2,15
2140,3,-900346923369485099,0,1,1,8,5,1,1,3
2141,3,-6991009252040289496,0,2,2,10,2,3,2,7
2142,3,8174784074598694641,0,0,0,11,1,4,1,10
2143,3,5604364028521319522,0,0,0,8,2,3,1,7
2144,3,-960163872186042373,0,0,0,9,2,4,1,15
2145,3,-6233549114056180217,0,0,0,6,6,3,1,15
2146,3,-5632275194082970987,0,1,1,10,2,3,2,6
2147,3,8877078269608470205,0,2,2,12,1,5,1,15
2148,3,-8099046575099875031,0,1,1,11,4,4,2,10
2149,3,-8262537873916185799,0,0,0,10,5,4,1,9
2150,3,-2828235757443151552,0,0,0,12,2,6,2,16
2151,3,-7113188871441314900,0,1,1,9,2,4,2,16
2152,3,-8503833172145557484,0,0,0,9,2,3,1,8
2153,3,-6179791223227497346,0,1,1,10,1,4,2,10
2154,3,-7122137422140490653,0,2,2,8,5,3,2,10
2155,3,-3747228045214587335,0,2,2,10,8,2,1,3
2156,3,-8099833132610113147,0,1,1,12,1,5,2,16
2157,3,-1743745355288002361,0,2,2,9,5,3,1,11
2158,3,8679274493440911297,0,2,2,10,3,3,1,8
2159,3,-667326265941541408,0,0,0,11,4,5,1,15
2160,3,4523148437279958491,0,1,1,10,1,3,1,10
2161,3,-526631065034955075,0,2,2,10,7,4,2,11
2162,3,-363344048932208655,0,1,1,9,5,2,1,5
2163,3,4354002028832035089,0,1,1,13,3,5,2,12
2164,3,7328160416490229638,0,0,0,13,1,6,2,12
2165,3,-457812731302516935,0,1,1,9,6,2,1,4
2166,3,-6872407681979033377,0,2,2,9,1,3,2,10
2167,3,-5130339443699826767,0,2,2,10,1,4,2,9
2168,3,4729077982738051469,0,0,0,9,1,5,2,16
2169,3,1608077222617118666,0,0,0,8,4,3,1,11
2170,3,-7269963217718625205,0,0,0,12,1,5,1,12
2171,3,-4591406978896411239,0,0,0,8,7,2,1,6
2172,3,-1754033942749164023,0,1,1,12,1,4,1,13
2173,3,5641530834898597170,0,1,1,11,1,3,2,5
2174,3,-7998662115098636216,0,0,0,9,2,4,2,8
2175,3,-5211611937594751722,0,1,1,11,5,3,1,4
2176,3,-1243026926328302424,0,1,1,8,6,3,2,10
2177,3,-5989841949878299159,0,1,1,8,1,2,1,8
2178,3,-2015643946387075650,0,1,1,10,3,3,1,10
2179,3,3572120256219341160,0,0,0,10,2,4,1,13
2180,3,-1654223855535578837,0,1,1,7,4,2,1,5
2181,3,5073834009316273305,0,0,0,10,1,5,1,15
2182,3,-6166202654089148695,0,0,0,13,1,6,2,13
2183,3,-4662595060355438269,0,2,2,11,2,3,1,7
2184,3,4084938352588319208,0,0,0,9,1,5,2,16
2185,3,1605716459924322976,0,1,1,12,2,4,1,12
2186,3,3008165687139614169,0,2,2,10,1,4,2,10
2187,3,-1182816010074173104,0,1,1,12,6,2,1,2
2188,3,5961598228183547464,0,1,1,9,4,4,2,14
2189,3,7552664767017587345,0,0,0,7,7,3,1,13
2190,3,5465426986726017776,0,2,2,9,2,2,1,6
2191,3,5300057751420337837,0,0,0,12,3,4,1,10
2192,3,-8013595056154479286,0,1,1,12,1,5,2,11
2193,3,-3116505423590896973,0,1,1,12,2,3,1,7
2194,3,4100322487293399911,0,1,1,9,1,3,2,6
2195,3,-5873724216272756375,0,1,1,11,4,4,2,13
2196,3,5226057786692856831,0,0,0,10,4,3,1,5
2197,3,-1725204581688623232,0,1,1,9,6,2,1,7
2198,3,-320326453677076535,0,1,1,10,1,4,2,9
2199,3,8181019411321741065,0,0,0,8,1,4,1,15
2200,3,-128122172727741428,0,0,0,8,3,4,2,12
2201,3,-7771044614082206168,0,2,2,9,3,3,2,7
2202,3,-2982654958269717899,0,1,1,9,6,3,2,6
2203,3,-6885771283248116474,0,2,2,10,2,3,1,9
2204,3,3306177539206205995,0,0,0,12,1,6,2,11
2205,3,1575926925967421195,0,0,0,7,5,3,1,10
2206,3,-4763257756150170080,0,0,0,10,2,5,2,14
2207,3,7836637460116421453,0,1,1,9,7,2,1,7
2208,3,6102957525476035754,0,0,0,11,2,4,1,7
2209,3,-8234801516110645181,0,0,0,11,2,5,1,12
2210,3,3905801472078519377,0,1,1,9,2,4,2,10
2211,3,7007227795172576957,0,1,1,8,7,3,2,8
2212,3,-7290607943475770902,0,1,1,9,7,2,2,4
2213,3,-4805867693816016872,0,2,2,8,3,4,2,15
2214,3,-5017947920533044252,0,0,0,11,4,5,2,11
2215,3,1400295871209204652,0,2,2,7,7,2,1,8
2216,3,-4915428045328285983,0,0,0,8,6,4,2,10
2217,3,7416332324792534921,0,1,1,8,2,3,2,12
2218,3,-6490480802303893624,0,0,0,9,6,4,1,17
2219,3,5582161318780334179,0,1,1,10,5,3,1,7
2220,3,-7929584617206977127,0,2,2,10,2,5,2,15
2221,3,-7157048858213739318,0,0,0,14,2,5,1,8
2222,3,-8066850208610425791,0,1,1,7,4,3,2,12
2223,3,4666831200883785629,0,1,1,11,1,4,2,8
2224,3,-583002323005246546,0,0,0,11,3,5,2,12
2225,3,-1967523569808685632,0,2,2,10,3,4,2,12
2226,3,-905048653729380378,0,2,2,8,7,3,2,11
2227,3,3323173349238135564,0,0,0,11,1,5,2,8
2228,3,-8600127942946019116,0,2,2,9,5,4,2,14
2229,3,8665199025087693447,0,1,1,12,1,5,2,13
2230,3,-393877079457445980,0,1,1,9,1,3,1,12
2231,3,1457312917275463124,0,0,0,8,3,3,1,11
2232,3,2734656201785412943,0,2,2,12,1,5,2,13
2233,3,855622320681836525,0,2,2,10,3,4,1,18
2234,3,5279957885580787321,0,1,1,10,2,4,2,16
2235,3,7048617553364412174,0,0,0,7,9,3,2,12
2236,3,1322169425556899962,0,2,2,9,5,3,2,11
2237,3,9131867104794378740,0,2,2,12,1,5,2,14
2238,3,-6332737905527141447,0,0,0,10,3,5,2,15
2239,3,6691833074716001351,0,0,0,11,4,5,1,15
2240,3,-2701273452867700927,0,1,1,7,8,1,1,4
2241,3,-8652494746628338093,0,2,2,10,1,3,1,6
2242,3,-8780315577381484147,0,1,1,10,1,3,2,5
2243,3,-1404843559623545858,0,0,0,13,1,6,2,10
2244,3,4613405546584378022,0,1,1,10,1,4,2,10
2245,3,-544338767128088842,0,0,0,10,1,5,2,18
2246,3,7095546126573638511,0,1,1,9,4,3,2,8
2247,3,-5212221459889801175,0,1,1,10,2,3,2,6
2248,3,-3039788594613897665,0,2,2,10,1,5,2,19
2249,3,8136504700360205434,0,2,2,10,2,4,2,7
2250,3,5706073949860912304,0,2,2,9,3,4,2,14
2251,3,1630227537033089201,0,0,0,8,6,3,1,9
2252,3,343418526872465078,0,0,0,6,6,3,2,12
2253,3,8818790537160583346,0,1,1,10,1,3,1,9
2254,3,-1536089011489679629,0,0,0,14,2,6,2,11
2255,3,3015067548093838833,0,0,0,10,4,4,1,12
2256,3,-4810779034293635000,0,0,0,10,3,5,2,14
2257,3,-3905622726898949851,0,1,1,10,2,4,2,10
2258,3,6775279887529306287,0,0,0,9,4,4,2,10
2259,3,-8872121115235722437,0,2,2,11,2,5,2,15
2260,3,3496375868686370119,0,1,1,7,8,3,2,10
2261,3,1580718481643331981,0,2,2,8,5,3,2,11
2262,3,3002665275593667504,0,0,0,9,6,2,1,3
2263,3,4628499115709288787,0,2,2,10,1,4,2,10
2264,3,-8394867030712785768,0,1,1,8,2,3,2,8
2265,3,5756932465719787097,0,2,2,11,2,4,2,9
2266,3,-3761069696718492778,0,1,1,8,4,2,1,6
2267,3,-1049527400392785678,0,1,1,10,3,4,2,12
2268,3,-3316803186771001290,0,0,0,12,3,5,2,12
2269,3,4497692308662333228,0,0,0,8,5,4,2,16
2270,3,-7637799540222657452,0,1,1,9,3,3,2,10
2271,3,-240722416106965692,0,2,2,11,4,4,1,11
2272,3,-6306955313580332115,0,0,0,10,4,4,1,9
2273,3,8408642042991083868,0,0,0,11,3,5,2,12
2274,3,6489443015915618482,0,0,0,9,2,4,2,10
2275,3,-1172809788991900054,0,0,0,8,6,4,2,10
2276,3,1191483593760326303,0,1,1,7,4,3,2,12
2277,3,6727789965938170483,0,1,1,11,2,4,1,9
2278,3,-1144781194834212660,0,1,1,11,4,3,1,6
2279,3,1896209309265671161,0,0,0,11,1,5,1,13
2280,3,-2762660991438874813,0,1,1,7,5,3,2,12
2281,3,-7284590286620734798,0,0,0,10,1,4,1,13
2282,3,-396632554648358766,0,2,2,10,3,4,2,9
2283,3,7182186806904995706,0,2,2,8,5,4,2,15
2284,3,-3491534534075240223,0,0,0,7,6,2,1,7
2285,3,5663648931211538313,0,2,2,9,5,2,1,4
2286,3,-5340768593648417210,0,2,2,10,5,4,2,11
2287,3,8227124157941241576,0,1,1,9,3,3,1,11
2288,3,8955104883054008919,0,0,0,8,1,5,2,20
2289,3,-1169510564675557856,0,1,1,8,2,2,1,6
2290,3,1632832135476855040,0,1,1,7,8,3,2,13
2291,3,-7673300242666946763,0,1,1,11,3,4,1,8
2292,3,-6086788076495929193,0,1,1,9,1,4,2,12
2293,3,4397660888558947794,0,0,0,10,1,5,2,16
2294,3,-1250799075012622547,0,1,1,8,3,3,2,10
2295,3,-8617471662655377723,0,0,0,10,1,5,2,14
2296,3,-5043602146055790297,0,1,1,9,1,4,2,14
2297,3,8764643876650162860,0,1,1,9,1,4,2,11
2298,3,6376867623352157452,0,0,0,8,5,3,2,6
2299,3,797842978500364272,0,2,2,14,1,5,1,10
2300,3,2496991087699691679,0,1,1,8,4,3,2,8
2301,3,-7402968726636562446,0,2,2,11,2,6,2,20
2302,3,3498173913936401200,0,1,1,10,2,3,1,9
2303,3,-8371330761118866556,0,2,2,10,2,3,1,8
2304,3,-6241850382545313490,0,1,1,10,1,4,2,9
2305,3,3804946243219290779,0,1,1,8,3,3,2,11
2306,3,-807200305922839295,0,0,0,13,1,5,1,13
2307,3,-8098700001053512894,0,2,2,10,1,4,1,13
2308,3,-482783140885491434,0,1,1,10,1,4,2,12
2309,3,2518020947846046672,0,0,0,9,4,4,2,10
2310,3,24964506834040634,0,0,0,10,4,3,1,5
2311,3,5787253380068508765,0,1,1,9,7,3,2,6
2312,3,-8445820776195757780,0,0,0,10,1,5,2,15
2313,3,6316224434545242993,0,1,1,11,1,5,2,14
2314,3,-5149007844230195604,0,0,0,9,4,4,2,8
2315,3,1378203755503340030,0,1,1,7,3,3,2,10
2316,3,3155370302971355993,0,1,1,11,3,4,1,10
2317,3,4458979811469150864,0,1,1,8,1,3,2,10
2318,3,-1401988427830356614,0,1,1,10,3,5,2,18
2319,3,960043094726989762,0,2,2,10,5,4,2,10
2320,3,-7841072402860297957,0,1,1,12,2,5,2,12
2321,3,1657809013153422835,0,1,1,9,2,4,2,12
2322,3,6494648426751433756,0,1,1,12,3,3,1,6
2323,3,5349579826396505146,0,1,1,11,2,4,2,12
2324,3,-127170672939705852,0,1,1,12,1,4,1,7
2325,3,859278691938302102,0,1,1,11,3,4,2,8
2326,3,356449856311096668,0,2,2,12,1,5,2,11
2327,3,-1633381796906996887,0,1,1,11,2,5,2,14
2328,3,-768795522058851782,0,2,2,8,1,3,1,10
2329,3,-8951930114119643609,0,0,0,7,5,3,2,10
2330,3,-3494724254683584997,0,0,0,11,1,6,2,18
2331,3,4001548634541517130,0,2,2,10,5,5,2,15
2332,3,-320939080170622730,0,1,1,8,5,3,2,10
2333,3,333401090352422281,0,1,1,10,5,2,1,5
2334,3,-8098414147454938227,0,0,0,16,4,7,2,11
2335,3,-7252166103045381048,0,1,1,11,1,3,1,7
2336,3,1930804123959021317,0,2,2,6,6,3,2,15
2337,3,6545798782040531793,0,2,2,10,4,4,1,15
2338,3,-6186689772325733959,0,1,1,9,3,3,2,4
2339,3,535940581088004036,0,1,1,10,3,3,1,10
2340,3,-823773917831899830,0,2,2,9,1,4,2,14
2341,3,263000078158060620,0,0,0,9,2,4,1,12
2342,3,2030167301640516090,0,1,1,9,3,3,1,10
2343,3,-6091973536781758829,0,0,0,9,3,5,2,16
2344,3,4432300127452672826,0,2,2,13,1,5,2,9
2345,3,-2283842934830770185,0,1,1,8,5,3,2,10
2346,3,-5043978990964782720,0,2,2,8,3,3,2,11
2347,3,-1755478004766130819,0,1,1,12,1,4,1,11
2348,3,5790815247628596574,0,2,2,11,2,5,2,16
2349,3,500947362541165317,0,0,0,10,2,5,2,14
2350,3,6238103976492492752,0,0,0,10,1,5,2,14
2351,3,1965358391980142015,0,1,1,10,1,5,2,16
2352,3,-3241937022589119531,0,1,1,8,7,2,1,6
2353,3,2222684330219377117,0,1,1,10,3,4,2,13
2354,3,8666260382930502976,0,2,2,8,1,4,2,16
2355,3,-4397236861152991350,0,0,0,14,3,6,2,12
2356,3,4513456684939153615,0,0,0,10,5,5,2,14
2357,3,1566111119818822426,0,1,1,9,1,4,2,14
2358,3,4190561603430707580,0,0,0,10,2,4,1,15
2359,3,9192541574680595586,0,0,0,9,4,3,1,12
2360,3,8811903003224909587,0,1,1,9,8,2,1,5
2361,3,2627625319530361353,0,0,0,10,1,5,2,14
2362,3,-355241477451011580,0,1,1,11,4,3,1,5
2363,3,784253722891899455,0,0,0,13,1,4,1,9
2364,3,-7112600370732185478,0,1,1,7,8,2,2,4
2365,3,659517475677905198,0,0,0,8,7,4,2,12
2366,3,-8776517506992324437,0,1,1,11,7,4,2,11
2367,3,-3185345151302726449,0,0,0,9,4,4,2,10
2368,3,6724801932439301233,0,1,1,11,4,3,1,6
2369,3,1545906996217128127,0,2,2,10,2,4,1,13
2370,3,8289181640218874393,0,0,0,10,2,4,2,11
2371,3,-625163020812744398,0,1,1,11,1,3,1,8
2372,3,-6763069255492522373,0,1,1,11,3,3,1,10
2373,3,3444236633687921959,0,0,0,11,2,4,1,11
2374,3,-7724869865762894774,0,1,1,9,3,3,1,12
2375,3,-8023821621835368483,0,0,0,9,4,3,1,8
2376,3,3978436489423862957,0,1,1,9,2,3,1,9
2377,3,3359556508777607557,0,2,2,9,1,3,1,13
2378,3,8341839259574322446,0,1,1,11,3,4,1,14
2379,3,-1855339869432731848,0,2,2,12,2,4,1,8
2380,3,-7367843116657371599,0,0,0,6,7,3,2,10
2381,3,356044210674549291,0,0,0,9,5,4,2,10
2382,3,-783452395506720633,0,2,2,10,1,4,1,17
2383,3,-3553363325209063904,0,1,1,8,3,3,2,9
2384,3,8067376811407169987,0,2,2,9,5,4,2,11
2385,3,1139406194194516767,0,0,0,11,4,5,1,14
2386,3,-8633183758081439827,0,2,2,9,4,2,1,4
2387,3,-4353135944968493467,0,1,1,10,2,5,2,16
2388,3,5505946012273730615,0,0,0,11,3,5,2,10
2389,3,8397547066976964253,0,1,1,9,2,4,2,13
2390,3,7649643320667811533,0,1,1,7,7,2,1,8
2391,3,9074297261174216525,0,2,2,11,2,4,2,14
2392,3,-78405662392647951,0,2,2,8,3,3,1,13
2393,3,-1754358375385505902,0,2,2,8,4,2,1,5
2394,3,-3184259975379194874,0,1,1,9,4,2,1,6
2395,3,-6722262163715411952,0,1,1,10,4,4,2,9
2396,3,-2718097701706998165,0,0,0,11,2,5,2,9
2397,3,7278987747570598947,0,2,2,9,1,3,1,11
2398,3,3365166014206811595,0,0,0,13,1,5,2,9
2399,3,-325823119089192359,0,1,1,12,1,4,2,7
2400,3,348647677927452850,0,0,0,8,6,3,1,9
2401,3,6456714280626448420,0,2,2,12,1,6,2,17
2402,3,-4479479731198877340,0,0,0,12,3,6,2,14
2403,3,-975846497415041845,0,2,2,10,1,4,2,11
2404,3,2279747878140967914,0,2,2,8,5,3,2,10
2405,3,9208997394227421090,0,0,0,10,3,4,1,9
2406,3,-6927810050709415572,0,2,2,11,3,5,2,15
2407,3,-8203801778794846854,0,0,0,10,2,5,2,14
2408,3,5665439585187761350,0,1,1,11,5,3,1,10
2409,3,3981314678390651226,0,1,1,10,6,3,1,6
2410,3,231686035926795348,0,1,1,13,5,3,1,5
2411,3,-817473960204839826,0,1,1,9,6,3,2,7
2412,3,-987081459975211760,0,0,0,9,2,4,1,13
2413,3,8188162949509603647,0,0,0,10,5,5,2,12
2414,3,-5845023335651237153,0,1,1,9,4,4,2,14
2415,3,-7844087605078692316,0,1,1,7,3,3,2,12
2416,3,3576237981357480487,0,1,1,10,4,2,1,4
2417,3,7340484319023272696,0,1,1,7,6,2,1,6
2418,3,6669380497989037732,0,1,1,10,6,4,1,14
2419,3,7072438570576903692,0,0,0,7,9,2,1,7
2420,3,-3951417684307651716,0,0,0,11,2,4,1,14
2421,3,1991818167433534559,0,1,1,11,2,4,2,10
2422,3,-4941514219401387888,0,0,0,8,2,3,1,8
2423,3,7183978541754814732,0,1,1,10,4,3,1,10
2424,3,8264178880631118100,0,0,0,10,2,5,2,13
2425,3,-8556482628134162429,0,2,2,12,2,5,2,14
2426,3,355057642835298145,0,1,1,13,3,6,2,14
2427,3,7231853294383591419,0,2,2,10,1,4,2,13
2428,3,-6998019280922623479,0,0,0,8,1,3,1,11
2429,3,7938993138671847335,0,0,0,10,2,5,2,14
2430,3,-5250785967318569428,0,1,1,13,1,5,2,11
2431,3,4380652259545098791,0,1,1,7,3,3,2,12
2432,3,2934922914991969033,0,1,1,5,5,2,2,10
2433,3,5535543167422600897,0,1,1,12,3,4,1,9
2434,3,-7597549405096619305,0,1,1,11,1,3,1,9
2435,3,5574140311649972176,0,1,1,10,4,3,1,9
2436,3,2357512425329614037,0,1,1,9,7,2,2,2
2437,3,-1843857311704904452,0,0,0,7,9,2,1,7
2438,3,-5497945494179304289,0,2,2,10,2,3,1,5
2439,3,-5632130021838963542,0,1,1,9,4,2,1,5
2440,3,-3742527731330127165,0,1,1,9,7,3,2,7
2441,3,7202883600442697910,0,0,0,12,5,6,2,14
2442,3,-3282165433750830444,0,0,0,10,1,4,1,10
2443,3,-5229526961846824353,0,0,0,11,4,4,1,9
2444,3,8826015993432490301,0,1,1,10,3,3,1,9
2445,3,-1749390396964284030,0,2,2,10,1,4,1,14
2446,3,4342994966551138840,0,0,0,8,1,4,2,10
2447,3,8314832700384019211,0,1,1,9,2,3,2,10
2448,3,-2069528516510536640,0,1,1,10,5,3,2,8
2449,3,-7301622553258085720,0,0,0,11,6,4,1,7
2450,3,-5201497603750378140,0,0,0,13,2,5,1,15
2451,3,-779037978030617666,0,1,1,11,1,4,1,12
2452,3,5813811403009727966,0,1,1,7,9,1,1,2
2453,3,7624654125463776672,0,0,0,11,2,5,2,14
2454,3,1961951626062592515,0,1,1,9,6,3,2,8
2455,3,8279095538403032830,0,0,0,10,5,4,2,10
2456,3,-84837582693147460,0,1,1,9,4,4,2,12
2457,3,-8110374183762215781,0,2,2,9,2,2,1,4
2458,3,-5729711348640786603,0,1,1,9,3,3,2,7
2459,3,-345296036857888958,0,0,0,9,8,4,2,12
2460,3,-5063671175812709739,0,0,0,10,5,6,2,20
2461,3,-5431622490804048646,0,0,0,8,5,3,2,6
2462,3,7882649609282974990,0,0,0,10,3,4,1,13
2463,3,-6022215432469411464,0,0,0,13,6,5,2,11
2464,3,-852382267542091083,0,0,0,12,1,7,2,20
2465,3,-1193111141633369644,0,0,0,9,2,3,1,8
2466,3,-3231240925028511308,0,2,2,11,3,5,2,14
2467,3,3179210052957179775,0,0,0,11,3,4,1,11
2468,3,5141536173235744894,0,1,1,8,4,3,2,8
2469,3,2520624710274559605,0,1,1,9,1,3,2,3
2470,3,2566289550217451812,0,2,2,10,4,3,1,6
2471,3,2266182004145267374,0,1,1,9,3,3,1,8
2472,3,-8525901372133057049,0,1,1,7,5,2,1,6
2473,3,5612770138200701145,0,0,0,8,5,4,2,16
2474,3,8975017604619696909,0,1,1,10,1,3,1,10
2475,3,-5744213805715755444,0,2,2,9,1,3,1,7
2476,3,8152621881101838839,0,0,0,9,3,4,2,10
2477,3,2670267597550193717,0,1,1,13,2,6,2,13
2478,3,6033236296951189875,0,1,1,8,4,2,1,4
2479,3,-4639487884415942123,0,2,2,9,3,4,2,10
2480,3,292277205666522959,0,2,2,11,1,5,2,17
2481,3,-1167137895754484881,0,0,0,11,1,5,2,10
2482,3,-4578903915296401618,0,0,0,8,3,4,2,12
2483,3,4751213167297703100,0,1,1,10,3,2,1,6
2484,3,-1067298881552104802,0,1,1,9,5,2,1,5
2485,3,-321072575802543199,0,1,1,9,7,2,1,3
2486,3,-437391056768487832,0,0,0,12,2,6,2,15
2487,3,7388327656025646691,0,2,2,11,1,5,2,11
2488,3,5078565046105403690,0,2,2,10,1,4,2,10
2489,3,2659140732395101850,0,0,0,9,3,3,1,10
2490,3,8332971235101931299,0,1,1,11,1,3,1,7
2491,3,-7574560996053644508,0,1,1,7,6,1,1,4
2492,3,-2022834379383247026,0,1,1,13,1,5,2,13
2493,3,-1972577941881211556,0,0,0,9,2,4,1,13
2494,3,830636083789968817,0,0,0,8,3,5,2,20
2495,3,1124378960724338060,0,1,1,12,1,4,1,7
2496,3,8528356976609332982,0,1,1,11,3,3,1,8
2497,3,495166534054353567,0,2,2,11,3,5,2,12
2498,3,-3478823501440841414,0,0,0,10,2,4,1,8
2499,3,-3410067277789755110,0,0,0,9,2,4,2,12
2500,3,-4894599782819490268,0,2,2,9,1,4,2,12
2501,3,-5497768772667370163,0,1,1,10,4,3,2,4
2502,3,-282228308248579527,0,2,2,12,2,5,1,17
2503,3,-1813821662546985787,0,2,2,12,2,5,2,12
2504,3,6032339248466341231,0,0,0,13,1,6,2,14
2505,3,-5201051142971677948,0,2,2,11,1,3,1,8
2506,3,-1020972868362376961,0,0,0,10,5,5,2,14
2507,3,-7181377572105505421,0,1,1,9,1,4,2,16
2508,3,6609227895872986751,0,0,0,10,5,4,1,10
2509,3,929262860708780695,0,0,0,11,1,5,2,14
2510,3,1581831207915095087,0,0,0,9,3,5,2,16
2511,3,-889253865239175037,0,0,0,11,1,4,1,7
2512,3,-5241421274778934638,0,0,0,10,7,4,1,13
2513,3,8722414455691615885,0,2,2,9,1,3,1,7
2514,3,-5385874744213278912,0,1,1,8,4,3,2,8
2515,3,-1543584576542147004,0,1,1,8,4,2,1,8
2516,3,-2047982500947296006,0,1,1,9,5,2,1,5
2517,3,-4806575209184403551,0,1,1,9,5,3,2,6
2518,3,5130979725809250559,0,0,0,12,3,6,2,16
2519,3,7555706090022882427,0,0,0,12,3,5,2,10
2520,3,-1798900905482568291,0,1,1,11,1,4,1,14
2521,3,3678804161636839232,0,1,1,5,7,2,2,10
2522,3,-6130673209284640246,0,1,1,8,4,3,2,8
2523,3,7604547857225220321,0,1,1,10,3,3,1,5
2524,3,673140433865545588,0,2,2,11,5,4,1,8
2525,3,-1657902436329496050,0,0,0,10,1,4,1,14
2526,3,4896507272280437589,0,1,1,9,7,2,1,4
2527,3,-2135762332393008221,0,2,2,10,2,5,2,16
2528,3,-5566384255392442612,0,1,1,9,3,3,1,8
2529,3,5175656582470861409,0,0,0,10,2,4,1,11
2530,3,3370346387448341673,0,0,0,11,3,6,2,18
2531,3,2956484372781488609,0,1,1,9,4,3,1,11
2532,3,447641817635482888,0,1,1,10,6,3,2,4
2533,3,566944057209213636,0,1,1,8,4,3,2,8
2534,3,2236547666132896544,0,2,2,10,4,3,2,3
2535,3,1886472435165573167,0,0,0,10,3,5,2,14
2536,3,-8593075624682725220,0,2,2,9,4,5,2,20
2537,3,-4007039017834405770,0,0,0,9,3,5,2,18
2538,3,-2589047464649013333,0,1,1,10,1,3,2,6
2539,3,1321868826564097302,0,0,0,12,1,5,1,10
2540,3,7966160846507445780,0,0,0,8,3,3,1,11
2541,3,-1574244236927834647,0,1,1,10,2,4,2,12
2542,3,-5033160578220094068,0,1,1,9,6,3,2,4
2543,3,-2500482461775703148,0,0,0,11,2,5,2,12
2544,3,-821965553103112885,0,0,0,11,4,4,1,11
2545,3,7394718864255892803,0,1,1,9,8,3,2,8
2546,3,-2195097265130497828,0,0,0,11,5,4,2,9
2547,3,2053992998783507864,0,0,0,10,3,4,1,14
2548,3,-8957941959672932300,0,1,1,9,2,3,1,11
2549,3,4449352070097085152,0,0,0,8,1,5,2,20
2550,3,-5886710460662221562,0,1,1,8,7,2,2,6
2551,3,5302994253182400135,0,0,0,9,1,4,1,15
2552,3,4058961942923733333,0,0,0,11,2,5,2,9
2553,3,-4876387540421441587,0,1,1,8,9,2,2,6
2554,3,-689426586437119158,0,1,1,10,3,3,2,8
2555,3,7355841159661751738,0,1,1,11,3,4,2,10
2556,3,-3399563984490575289,0,2,2,12,1,5,2,11
2557,3,5570699293830394959,0,1,1,7,4,3,2,13
2558,3,-8234421555476909765,0,1,1,13,3,4,1,7
2559,3,-7078073642059355907,0,0,0,7,5,2,1,7
2560,3,-1055450162240267720,0,2,2,8,5,4,2,15
2561,3,-4569376061369320869,0,0,0,8,6,3,2,6
2562,3,-1045240902737424574,0,2,2,12,1,4,1,10
2563,3,-7096450437505302766,0,0,0,8,5,3,1,8
2564,3,2605430746473419880,0,2,2,10,2,5,2,16
2565,3,-1000945207337142245,0,0,0,11,7,4,1,13
2566,3,-6909828910279559400,0,0,0,9,5,4,2,14
2567,3,2617238343569105452,0,1,1,11,2,4,2,10
2568,3,-436838056441987409,0,0,0,13,4,5,1,12
2569,3,-8908021052667581841,0,1,1,7,7,3,2,10
2570,3,4812176025955177040,0,1,1,9,5,2,1,7
2571,3,6985710700105939573,0,1,1,10,3,2,1,6
2572,3,3824528751386535926,0,1,1,11,1,4,2,10
2573,3,-1034045431823167639,0,0,0,12,1,5,2,9
2574,3,8811856457063829707,0,1,1,8,1,3,2,12
2575,3,178605751436103816,0,0,0,9,3,3,1,9
2576,3,-547473777149004103,0,0,0,8,6,4,2,12
2577,3,-8111369747739698992,0,1,1,7,9,1,1,2
2578,3,-3357388414126219455,0,1,1,9,3,4,2,11
2579,3,9119572290902239223,0,1,1,10,5,4,2,11
2580,3,-8609876403188463732,0,0,0,10,3,5,2,16
2581,3,4615269229830680222,0,1,1,9,5,2,1,3
2582,3,1318343972164545983,0,0,0,11,1,4,1,11
2583,3,-849501742870746682,0,2,2,10,3,3,1,8
2584,3,5542130070046530451,0,1,1,10,6,4,2,10
2585,3,8531700142902149506,0,1,1,8,3,3,2,8
2586,3,-133212039241726429,0,0,0,9,2,3,1,10
2587,3,4500814447370919662,0,0,0,7,5,2,1,9
2588,3,7239045830575462152,0,0,0,11,1,6,2,18
2589,3,-2291784670533358241,0,1,1,11,2,3,1,5
2590,3,3515060352803353250,0,1,1,10,6,4,2,8
2591,3,4483017984896203483,0,2,2,11,1,3,1,6
2592,3,5687351120055340984,0,2,2,9,1,3,2,12
2593,3,-8989388344437330997,0,1,1,9,6,2,1,6
2594,3,-3748163709355543485,0,2,2,9,1,3,1,9
2595,3,2237606543424566767,0,1,1,11,3,3,1,12
2596,3,-2046115847797757050,0,1,1,8,6,2,2,6
2597,3,6532407192318629521,0,0,0,9,3,4,2,12
2598,3,6979677805727091042,0,1,1,11,1,3,1,6
2599,3,6840352351806650365,0,1,1,9,3,3,2,11
2600,3,813354276007399143,0,1,1,8,3,2,1,8
2601,3,-8580234456775443921,0,2,2,14,1,7,2,15
2602,3,8031518452120388654,0,1,1,12,1,4,2,9
2603,3,-5985882128740887858,0,1,1,8,3,3,2,6
2604,3,8798341159259609957,0,0,0,9,2,3,1,9
2605,3,314559005881366617,0,1,1,9,3,3,2,10
2606,3,-4659158241094110934,0,0,0,10,1,6,2,20
2607,3,5156929629620358303,0,0,0,9,5,5,2,16
2608,3,-869201514046521827,0,2,2,15,3,5,2,12
2609,3,4274566606051506804,0,1,1,7,2,2,1,8
2610,3,-4178255473761448528,0,2,2,10,3,3,1,9
2611,3,6866389698410412705,0,1,1,12,6,4,2,5
2612,3,8971955886373604928,0,1,1,9,3,3,1,8
2613,3,-8209312379563199460,0,2,2,9,3,4,2,13
2614,3,5355162169856773737,0,1,1,11,1,4,2,10
2615,3,2749563430456847224,0,1,1,14,2,6,2,12
2616,3,3624291647448759189,0,2,2,10,5,4,2,10
2617,3,-6596298708820478562,0,2,2,9,3,3,1,11
2618,3,8513615295183615446,0,0,0,9,2,4,1,13
2619,3,-6782742948711308867,0,2,2,10,3,3,1,10
2620,3,8780272909276302581,0,1,1,10,1,3,2,6
2621,3,-7670410551286165890,0,0,0,12,1,7,2,20
2622,3,-7912245873332487477,0,1,1,11,4,3,1,5
2623,3,692534512147684988,0,1,1,9,8,1,1,2
2624,3,-8267270383880524082,0,1,1,11,5,4,2,7
2625,3,-8073044033360592909,0,2,2,10,1,4,2,12
2626,3,-5079762943603589394,0,1,1,11,1,4,2,7
2627,3,8458225444253629367,0,1,1,7,2,3,2,14
2628,3,8776835249341305249,0,1,1,8,8,2,2,6
2629,3,3572629009235541862,0,1,1,9,5,3,2,11
2630,3,-1363681604522142404,0,1,1,10,6,4,2,10
2631,3,-1672499699221522720,0,1,1,7,4,2,1,7
2632,3,1432805932165683333,0,2,2,8,2,3,2,7
2633,3,418854561649068279,0,0,0,10,2,5,2,17
2634,3,1284071201244715141,0,1,1,9,2,4,2,10
2635,3,5726505150482500451,0,0,0,9,4,4,1,14
2636,3,8074595060816107425,0,1,1,7,9,1,1,2
2637,3,-5643110130491145736,0,0,0,10,2,4,1,11
2638,3,-8247694119754673685,0,1,1,9,3,3,2,9
2639,3,-3054935582115349222,0,2,2,9,1,4,2,11
2640,3,-173192965264153931,0,0,0,8,5,4,2,12
2641,3,3265890755390106480,0,0,0,10,4,4,2,13
2642,3,7623741158133247847,0,0,0,9,4,4,2,12
2643,3,2536385430574379735,0,0,0,9,7,3,1,10
2644,3,8488117009008077714,0,2,2,11,3,4,2,5
2645,3,767865188275725465,0,1,1,9,1,4,2,14
2646,3,2149737169162062404,0,0,0,7,6,3,2,10
2647,3,7286524630935404766,0,2,2,14,1,5,2,8
2648,3,8157488961775497373,0,0,0,11,4,3,1,7
2649,3,3561702113190509922,0,1,1,7,8,2,2,8
2650,3,7123222764668157346,0,1,1,9,8,2,1,5
2651,3,-4969988481255947417,0,1,1,10,3,3,2,10
2652,3,-7326876761492620463,0,0,0,9,4,3,1,12
2653,3,-6282538506590070547,0,2,2,10,5,4,1,13
2654,3,-4581174486060086028,0,0,0,8,6,4,2,10
2655,3,-7660972758445889248,0,2,2,10,1,3,1,8
2656,3,2553825702376795834,0,0,0,12,3,6,2,11
2657,3,-57036273329594350,0,0,0,10,6,5,2,13
2658,3,-3405917760813524350,0,0,0,8,8,3,1,11
2659,3,-3651506734939599446,0,1,1,10,3,4,2,13
2660,3,6615567675930895866,0,0,0,11,1,5,1,15
2661,3,-6841741709482540069,0,1,1,7,4,3,2,13
2662,3,-7568862198073283096,0,2,2,12,4,4,1,9
2663,3,-4896308741383511016,0,2,2,10,3,5,2,17
2664,3,-133179065194650937,0,2,2,8,7,3,2,9
2665,3,-598838402705059834,0,1,1,9,4,4,2,15
2666,3,-6625030057580393835,0,0,0,10,3,6,2,20
2667,3,8386893985084698995,0,1,1,8,1,3,2,8
2668,3,1818767235551136747,0,2,2,11,2,3,1,8
2669,3,8766192749844745606,0,0,0,9,4,4,2,12
2670,3,3504022486664549965,0,0,0,10,1,5,2,11
2671,3,4651676939085928248,0,0,0,8,6,4,2,17
2672,3,4696497958794705859,0,1,1,11,1,4,2,8
2673,3,-1303604709825956606,0,1,1,10,1,4,2,11
2674,3,-4269920971891732568,0,1,1,8,4,3,2,8
2675,3,-937248884595855913,0,0,0,8,4,4,2,12
2676,3,1039263440975879873,0,1,1,13,1,4,1,10
2677,3,278079093705814357,0,0,0,8,7,3,1,11
2678,3,-9160238142847429487,0,1,1,7,6,3,2,12
2679,3,3838574802645184310,0,2,2,10,3,4,2,13
2680,3,-3615041394001796630,0,2,2,9,2,3,1,9
2681,3,738254019201069580,0,0,0,9,2,5,2,16
2682,3,-7112594831304558393,0,0,0,7,7,2,1,5
2683,3,-1267045434969788115,0,1,1,10,1,4,2,12
2684,3,-6111102970278874791,0,1,1,9,1,3,1,8
2685,3,-58174002362167829,0,1,1,12,3,4,1,6
2686,3,4579615849524210783,0,1,1,8,4,3,2,9
2687,3,1023134652965613576,0,1,1,13,1,4,1,7
2688,3,-8211864614737754438,0,0,0,12,2,5,1,12
2689,3,7783287725077362024,0,1,1,12,1,3,1,7
2690,3,6342120723635597888,0,1,1,10,6,3,1,9
2691,3,-8716363272990316280,0,2,2,8,5,2,1,5
2692,3,6249932512454002640,0,1,1,14,1,6,2,14
2693,3,9193323479591449902,0,0,0,10,3,4,1,9
2694,3,-3211431994139367771,0,1,1,10,2,4,2,9
2695,3,321992794877281506,0,0,0,10,2,5,2,15
2696,3,2889618250076632303,0,1,1,10,3,4,2,10
2697,3,-6749486927046375268,0,1,1,10,2,4,2,12
2698,3,1088110418266117535,0,1,1,9,1,2,1,4
2699,3,-547566879561035202,0,1,1,8,1,3,2,8
2700,3,-1148239641651173502,0,0,0,10,2,5,2,14
2701,3,5708675233319173188,0,2,2,9,1,5,2,20
2702,3,2889890943249605009,0,1,1,10,4,4,2,16
2703,3,-1329049857893494727,0,1,1,8,1,4,2,16
2704,3,8079528501397069958,0,1,1,10,3,4,2,10
2705,3,6142032677963260012,0,2,2,11,2,4,1,13
2706,3,8114491421867309490,0,2,2,12,1,3,1,6
2707,3,-6209092477587453724,0,0,0,10,2,4,1,6
2708,3,-7160846524052543731,0,1,1,12,3,4,1,10
2709,3,-4236230780422534256,0,0,0,10,2,4,1,12
2710,3,1174529101584392334,0,1,1,11,5,4,2,12
2711,3,-8105424555458462782,0,1,1,11,1,3,1,7
2712,3,5192866244781651645,0,0,0,8,4,4,2,10
2713,3,-5181534012025082658,0,0,0,6,8,3,2,12
2714,3,-7541112407102520698,0,0,0,8,9,2,1,6
2715,3,-2843615552615573426,0,1,1,12,1,5,2,12
2716,3,-5329742539729322417,0,1,1,14,1,6,2,13
2717,3,-3895367263711252808,0,1,1,8,5,3,2,7
2718,3,1553835728566541387,0,1,1,10,7,4,2,10
2719,3,-4955661901068302221,0,1,1,11,1,5,2,11
2720,3,-2347485121539805680,0,0,0,9,2,4,2,10
2721,3,-7045012028674102986,0,1,1,11,3,3,1,6
2722,3,1845093564717150567,0,0,0,14,1,8,2,20
2723,3,4917610730046573330,0,0,0,13,2,5,1,12
2724,3,-1729545334536825246,0,0,0,12,3,5,2,14
2725,3,164401077854971041,0,0,0,6,6,2,1,6
2726,3,-3001316983557090636,0,1,1,8,5,3,2,10
2727,3,-5356559586934497665,0,1,1,11,3,3,1,6
2728,3,-8965298985554094532,0,1,1,9,1,3,2,5
2729,3,5396629028752321529,0,1,1,9,3,2,1,5
2730,3,-8153682033575840542,0,0,0,8,5,3,1,9
2731,3,-8693603282512200956,0,1,1,13,1,4,1,6
2732,3,-3508208926667908698,0,0,0,9,2,4,2,14
2733,3,6521158978435215217,0,1,1,8,7,2,1,6
2734,3,6015461078351025910,0,2,2,11,2,3,1,7
2735,3,-5104121523858694819,0,1,1,12,1,5,2,8
2736,3,8199417998116481087,0,2,2,10,4,3,1,8
2737,3,6154331461135021805,0,2,2,9,1,4,2,12
2738,3,952221942658332869,0,1,1,8,8,2,2,8
2739,3,257912348520358203,0,0,0,9,3,4,1,17
2740,3,-6120427071749209161,0,0,0,8,6,4,2,12
2741,3,7635159209031148683,0,2,2,11,2,5,2,14
2742,3,-3600690593733959299,0,0,0,8,8,3,2,8
2743,3,-7512446845644330047,0,1,1,9,4,3,1,8
2744,3,6612798540607182421,0,1,1,12,1,4,1,7
2745,3,4226342272025364247,0,0,0,10,4,5,2,12
2746,3,6917337942442047005,0,1,1,8,5,2,2,8
2747,3,-8347393806130010614,0,1,1,12,1,3,1,7
2748,3,-1087317855114677903,0,0,0,9,4,4,2,12
2749,3,7536305514255318165,0,1,1,11,1,4,2,11
2750,3,1625444729184608248,0,0,0,10,4,5,2,18
2751,3,-4079899796228569183,0,0,0,9,6,3,1,10
2752,3,-8071522084177552389,0,0,0,11,4,4,1,10
2753,3,8413999394175984827,0,2,2,9,1,4,2,10
2754,3,-581495450844986569,0,1,1,10,3,4,2,12
2755,3,3928116993995452679,0,2,2,10,2,4,1,11
2756,3,-3057410308509011725,0,1,1,10,2,4,2,10
2757,3,-5829479645841939596,0,0,0,9,1,4,1,15
2758,3,7981372115271238995,0,0,0,10,6,4,1,6
2759,3,7015609288906610224,0,1,1,10,4,3,1,7
2760,3,-682623703593054738,0,1,1,8,3,2,1,6
2761,3,3613815696179721054,0,0,0,11,3,4,1,10
2762,3,-2996100233121487969,0,0,0,8,1,4,1,19
2763,3,-397131445826832122,0,0,0,11,1,6,2,16
2764,3,1901452238927597976,0,1,1,7,6,3,2,14
2765,3,-360511072816330675,0,0,0,9,7,4,2,11
2766,3,6811191497428490684,0,1,1,8,6,3,2,10
2767,3,-2477447370309798939,0,1,1,9,3,2,1,6
2768,3,6028640782735551020,0,1,1,12,2,5,2,10
2769,3,339218807728390598,0,0,0,8,5,3,1,13
2770,3,-817641572652361694,0,2,2,8,1,3,1,11
2771,3,796577732919268381,0,1,1,11,3,3,1,7
2772,3,-5686541351928089602,0,0,0,9,5,4,2,9
2773,3,-1201668797116338811,0,2,2,10,1,4,2,11
2774,3,2112343418903071390,0,0,0,9,2,4,1,10
2775,3,-7848094145791343500,0,2,2,11,3,4,2,9
2776,3,-9149874119862622222,0,1,1,13,1,4,1,10
2777,3,2476062001414085111,0,0,0,10,5,5,2,12
2778,3,-1759446293235274034,0,0,0,9,8,4,2,10
2779,3,1193202821694572449,0,0,0,9,1,4,2,12
2780,3,477136150030014977,0,0,0,8,3,4,2,10
2781,3,-8416749662490265408,0,0,0,10,2,5,2,14
2782,3,8144496730315553447,0,0,0,10,4,5,2,10
2783,3,5049248514984477394,0,1,1,9,6,4,2,14
2784,3,-8186403901458757701,0,0,0,9,3,5,2,16
2785,3,1142124467675140407,0,1,1,8,4,3,2,6
2786,3,-4480131765413883152,0,1,1,8,3,2,1,8
2787,3,-5946226950251718617,0,1,1,7,7,2,2,6
2788,3,448946297683687104,0,0,0,11,1,6,2,16
2789,3,-8136406967432117531,0,0,0,13,4,5,1,12
2790,3,2534990582495171012,0,1,1,8,4,2,1,8
2791,3,5595431291025248564,0,1,1,7,3,3,2,10
2792,3,-345224010421148858,0,0,0,8,2,4,2,12
2793,3,-3547959296540764150,0,2,2,10,3,4,2,7
2794,3,8389954172731743508,0,1,1,11,2,4,2,7
2795,3,-670375965475759741,0,0,0,10,6,4,1,11
2796,3,2706228945533402775,0,0,0,9,4,4,1,12
2797,3,712581151405172760,0,0,0,9,6,5,2,18
2798,3,7891114186160114979,0,1,1,9,8,2,2,4
2799,3,1806362505885174032,0,2,2,8,5,2,1,7
2800,3,8765405082584857999,0,1,1,10,4,2,1,4
2801,3,-1739447204458444234,0,0,0,11,2,5,2,10
2802,3,3427435824291554056,0,0,0,7,7,2,1,7
2803,3,-4015005822836375861,0,1,1,8,3,3,2,8
2804,3,789940363184518946,0,0,0,6,6,2,1,8
2805,3,-8737572559014783042,0,0,0,12,1,5,2,10
2806,3,-74152443945758929,0,0,0,8,3,4,2,10
2807,3,2172759473688922906,0,1,1,7,7,2,2,6
2808,3,-1416181135406525740,0,0,0,10,1,5,2,14
2809,3,-1537846634032447809,0,0,0,8,5,4,2,16
2810,3,-8932200917019834408,0,0,0,9,2,4,1,13
2811,3,2291016348910971476,0,2,2,9,2,3,1,11
2812,3,-6992080829109827777,0,0,0,10,3,4,1,12
2813,3,-7738533390153112453,0,1,1,10,5,3,1,7
2814,3,8798159409368969111,0,0,0,12,5,5,2,9
2815,3,8774021516246110023,0,0,0,10,5,4,1,9
2816,3,-8082855496746981231,0,0,0,10,5,5,2,12
2817,3,4270593300778997738,0,1,1,14,1,6,2,15
2818,3,5101364342412135378,0,1,1,12,3,4,2,10
2819,3,-1937497097814016590,0,1,1,11,1,4,1,11
2820,3,-7363317007824812277,0,0,0,9,3,3,1,8
2821,3,-6872262548823239626,0,1,1,11,6,4,2,6
2822,3,-8229350950708999354,0,1,1,9,5,3,1,8
2823,3,-3802117155185281844,0,0,0,10,2,3,1,7
2824,3,-9188251420940165757,0,2,2,10,5,3,1,8
2825,3,5152485767276630845,0,2,2,11,4,4,2,7
2826,3,8590574632279694467,0,0,0,6,6,3,2,10
2827,3,-3836837314726630981,0,1,1,10,2,3,1,8
2828,3,-2435067221888659486,0,1,1,8,1,2,1,6
2829,3,6647692229151502354,0,0,0,11,2,4,1,11
2830,3,682952993528599659,0,1,1,7,4,3,2,13
2831,3,1429886200138732062,0,0,0,12,2,6,2,14
2832,3,1028629820323608999,0,2,2,11,3,3,1,9
2833,3,8955340711435327869,0,0,0,12,1,5,2,14
2834,3,-6241554472023513929,0,0,0,9,4,5,2,18
2835,3,3367508255044714116,0,0,0,10,4,4,1,15
2836,3,3614092155148242019,0,2,2,10,1,3,1,6
2837,3,2891097064377767030,0,1,1,10,6,3,1,6
2838,3,-8240597731974913422,0,1,1,5,7,2,2,10
2839,3,-6680197820586326797,0,0,0,12,2,5,1,15
2840,3,-8142745753557746117,0,0,0,8,7,4,2,13
2841,3,-7765854780576641363,0,0,0,11,1,4,1,8
2842,3,-5392612536696660868,0,1,1,10,7,3,2,9
2843,3,2661023277161331554,0,0,0,12,4,5,2,12
2844,3,2808942823041976425,0,2,2,12,1,4,1,6
2845,3,4373939178365763845,0,1,1,8,6,2,1,6
2846,3,-5059836119664770552,0,1,1,12,4,3,1,9
2847,3,6500544656303489598,0,1,1,9,1,3,2,8
2848,3,-6898846274564278853,0,0,0,10,4,4,1,11
2849,3,1773916445470892565,0,2,2,10,1,4,1,10
2850,3,-6106286186205652706,0,1,1,11,2,4,2,11
2851,3,1438125513642254057,0,1,1,11,1,4,1,14
2852,3,4716823000860672275,0,2,2,10,3,4,2,11
2853,3,-8523199346878224218,0,1,1,8,5,3,2,7
2854,3,-522275585304427238,0,1,1,11,1,3,1,8
2855,3,-3770849708749216202,0,0,0,10,5,4,2,8
2856,3,724716575914247141,0,1,1,10,5,3,2,4
2857,3,3281297359668895288,0,1,1,7,2,3,2,10
2858,3,5842739579048484139,0,0,0,7,6,3,2,10
2859,3,-8245037753104238865,0,0,0,8,7,3,1,8
2860,3,-5541666023368756036,0,0,0,7,5,3,2,10
2861,3,-8839137156198317700,0,1,1,10,1,3,1,11
2862,3,5510160282522718933,0,1,1,8,7,2,2,4
2863,3,482465010178360399,0,2,2,8,5,3,2,7
2864,3,-5548416304300100171,0,0,0,13,2,7,2,16
2865,3,167155235603560667,0,0,0,11,2,4,2,12
2866,3,-6588237135905560465,0,2,2,10,4,4,2,12
2867,3,5447154099362689160,0,1,1,12,1,4,2,8
2868,3,3858602253446066946,0,1,1,9,3,3,1,13
2869,3,7212373049318708462,0,2,2,8,2,4,2,15
2870,3,-5041949950100736090,0,2,2,9,4,4,2,14
2871,3,1213501231642834751,0,0,0,8,5,4,2,16
2872,3,6281867896738058600,0,1,1,8,2,2,1,6
2873,3,9169881126764897027,0,0,0,8,4,4,2,14
2874,3,2942926228220200952,0,1,1,9,3,3,2,8
2875,3,8812431660255127563,0,0,0,10,3,5,1,19
2876,3,-2795514583817884479,0,0,0,11,3,4,1,9
2877,3,8260413044658065311,0,0,0,6,6,3,2,14
2878,3,3978684347795092794,0,0,0,13,2,6,2,10
2879,3,6537504322968416505,0,1,1,12,1,4,1,9
2880,3,-960340273831352709,0,1,1,8,9,1,1,1
2881,3,689608509417838839,0,1,1,7,5,2,2,6
2882,3,-230818485129042413,0,0,0,7,5,3,1,13
2883,3,-5087650333173679861,0,0,0,10,1,4,1,6
2884,3,-2892185593553746920,0,0,0,7,8,4,2,16
2885,3,-8489689467839655563,0,2,2,9,5,3,1,11
2886,3,4207568647407014526,0,1,1,13,2,5,2,11
2887,3,-5215262829977777484,0,2,2,10,1,4,2,9
2888,3,1203499542483443116,0,1,1,11,1,5,2,12
2889,3,8548975833766801977,0,2,2,6,1,3,2,15
2890,3,-247087906260919732,0,2,2,11,3,3,1,9
2891,3,8969650966624226910,0,2,2,10,2,3,1,10
2892,3,-4857264479168095134,0,2,2,10,1,4,2,12
2893,3,-2827232293197529707,0,0,0,9,3,4,1,11
2894,3,5605175205327268768,0,2,2,12,1,4,1,11
2895,3,-6842023664657132316,0,0,0,9,3,4,2,8
2896,3,8100234022038669559,0,2,2,9,4,3,1,7
2897,3,-8681554868753206896,0,1,1,14,1,5,1,9
2898,3,7990552138282350961,0,1,1,7,7,1,1,4
2899,3,-5476508693187857896,0,0,0,12,4,4,1,10
2900,3,8193640620099430973,0,1,1,12,4,5,2,11
2901,3,8520699598768065124,0,1,1,9,2,4,2,14
2902,3,5128591307472044555,0,2,2,10,3,5,2,16
2903,3,-3504667059175332034,0,1,1,11,3,4,2,10
2904,3,-5742155405261868134,0,0,0,10,5,5,2,12
2905,3,-8813433296058198783,0,1,1,7,2,3,2,12
2906,3,-48752492380134002,0,0,0,10,2,5,2,16
2907,3,-1747535747622183537,0,0,0,8,5,2,1,6
2908,3,425817579638555526,0,0,0,12,1,6,2,12
2909,3,9158854129857696136,0,0,0,10,1,4,1,11
2910,3,355207190058912878,0,0,0,11,2,4,1,8
2911,3,8099763732836888760,0,2,2,12,3,5,2,12
2912,3,-1057104298006711791,0,2,2,11,2,3,1,6
2913,3,-2730866641244772912,0,1,1,10,1,3,1,11
2914,3,461848024031108593,0,1,1,9,2,4,2,10
2915,3,3161710812191983960,0,1,1,8,3,3,2,8
2916,3,4145193407652966234,0,2,2,8,5,3,2,10
2917,3,-5912374136787279900,0,0,0,10,5,5,2,12
2918,3,-3350631980720863564,0,2,2,11,1,5,2,12
2919,3,-8853766144344586363,0,2,2,10,2,3,1,6
2920,3,-6734480160761564647,0,1,1,9,4,3,2,12
2921,3,-5225990034912933758,0,0,0,8,2,5,2,20
2922,3,6967557755262045991,0,0,0,11,5,5,2,11
2923,3,-7392342579231998648,0,0,0,10,3,4,1,11
2924,3,2661977299602781718,0,0,0,12,1,5,1,8
2925,3,-5991421415364524642,0,0,0,9,5,3,1,8
2926,3,-3585167568318479860,0,0,0,9,4,4,2,10
2927,3,3404524773558843676,0,0,0,13,3,5,2,10
2928,3,-1836950677552575825,0,0,0,9,3,4,2,13
2929,3,3520579398430346461,0,1,1,11,4,3,1,5
2930,3,6171345830306816764,0,1,1,11,4,4,2,7
2931,3,3695384762889461875,0,1,1,8,5,2,1,6
2932,3,-8565075520620220074,0,1,1,10,1,4,2,10
2933,3,-7536562966885030373,0,1,1,9,4,3,2,6
2934,3,481054415873848546,0,0,0,11,1,5,1,12
2935,3,-582628428198094287,0,1,1,7,7,2,2,6
2936,3,4847887133726247953,0,1,1,9,1,2,1,6
2937,3,6158152328938143205,0,0,0,10,2,5,2,16
2938,3,5725513160386629757,0,0,0,8,9,2,1,4
2939,3,6982292010683746607,0,1,1,9,2,4,2,14
2940,3,-7251415002901980167,0,0,0,9,1,5,2,16
2941,3,7391619725698467840,0,0,0,9,6,4,2,14
2942,3,942758959901608675,0,1,1,9,7,3,2,8
2943,3,6370408892744505017,0,1,1,13,1,5,2,10
2944,3,-8213341959909978181,0,1,1,10,6,2,1,4
2945,3,3080767570091241952,0,2,2,9,3,3,1,11
2946,3,7260496258780130297,0,0,0,7,5,2,1,7
2947,3,7435729458190748944,0,1,1,9,4,4,2,14
2948,3,6701772436444045850,0,1,1,9,3,3,2,8
2949,3,4560516408935310641,0,0,0,10,1,3,1,4
2950,3,4724200245257598203,0,2,2,9,3,5,2,20
2951,3,996285031361217001,0,1,1,8,6,3,2,11
2952,3,4847974018290960491,0,1,1,8,5,3,2,6
2953,3,-7074361845068129710,0,1,1,8,7,3,2,9
2954,3,-778371814324668678,0,0,0,8,4,4,1,15
2955,3,-8559292550708932371,0,0,0,11,4,5,2,12
2956,3,-3422361843257298665,0,2,2,12,2,5,2,13
2957,3,-2536069618485904683,0,1,1,13,1,4,2,10
2958,3,2623968719254927705,0,0,0,10,2,6,2,20
2959,3,58610747621189175,0,0,0,12,1,5,1,13
2960,3,-4833327205017136612,0,0,0,9,5,4,2,8
2961,3,-4251166656330771455,0,1,1,9,5,3,1,11
2962,3,-2743969819407323056,0,1,1,7,9,2,2,6
2963,3,-5098482081900259111,0,0,0,13,1,5,1,12
2964,3,-7169321638486718579,0,1,1,8,6,3,2,7
2965,3,-8080482874517284528,0,0,0,10,1,5,2,14
2966,3,6122083980168856425,0,0,0,9,6,3,1,12
2967,3,-3870620508926306985,0,1,1,10,3,3,2,6
2968,3,-672210002083757554,0,2,2,11,2,5,2,17
2969,3,775799952293558001,0,1,1,11,5,3,1,9
2970,3,-1517202776833481722,0,1,1,7,2,2,1,6
2971,3,243724818774923306,0,1,1,9,3,3,2,9
2972,3,-1290682102069885608,0,0,0,12,2,6,2,16
2973,3,-8389940939742677945,0,1,1,11,6,4,2,8
2974,3,2141635602583630809,0,1,1,7,5,3,2,13
2975,3,2174480623672670270,0,0,0,9,3,4,1,15
2976,3,-3293385703444203845,0,2,2,10,1,3,1,9
2977,3,1937173568519497320,0,2,2,10,1,3,1,10
2978,3,-2707512528395142295,0,2,2,9,3,4,2,12
2979,3,1923964122762740084,0,0,0,9,6,4,1,11
2980,3,-6113044938086384745,0,1,1,11,1,5,2,12
2981,3,8723940932735759006,0,1,1,10,4,4,2,10
2982,3,-5836430890329526124,0,2,2,8,2,4,2,15
2983,3,-6541733095275356383,0,0,0,10,4,4,2,11
2984,3,897969872152881122,0,2,2,10,6,5,2,15
2985,3,-6135889093091041046,0,2,2,10,2,5,2,16
2986,3,-6427316842945032953,0,1,1,10,1,3,1,8
2987,3,-5629130277704968563,0,1,1,7,3,2,1,8
2988,3,5044644337652350117,0,0,0,8,4,3,1,7
2989,3,-8431611616468124036,0,0,0,11,4,4,2,6
2990,3,7556995177925883080,0,1,1,9,1,3,1,10
2991,3,1058425892365259125,0,1,1,10,5,3,1,5
2992,3,5995608813324662399,0,1,1,10,1,5,2,18
2993,3,8543245492704137276,0,1,1,8,9,1,1,3
2994,3,2655052345405484205,0,0,0,8,2,4,2,12
2995,3,-8619735001060689782,0,0,0,12,3,6,2,16
2996,3,-4400648783052461024,0,0,0,10,2,5,2,14
2997,3,-8530912189671156411,0,1,1,9,4,3,2,5
2998,3,-3060681517866442526,0,2,2,11,2,5,2,13
2999,3,7151535893170298352,0,1,1,9,3,3,2,8
3000,3,3390092359858797775,0,0,0,12,2,6,2,12
3001,3,741893782054082916,0,2,2,11,4,4,1,13
3002,3,7104051059200801639,0,1,1,12,1,4,2,10
3003,3,6132005235844822976,0,0,0,8,6,2,1,4
3004,3,-4533814143313129755,0,1,1,8,2,3,2,8
3005,3,-8008967908557564003,0,1,1,11,5,4,2,7
3006,3,3820538130640292496,0,2,2,8,7,3,2,9
3007,3,-2182351521093227898,0,0,0,10,3,4,1,11
3008,3,-5782679169374740912,0,1,1,11,3,3,1,9
3009,3,3668379218105068710,0,0,0,11,5,5,2,14
3010,3,-2006724119213705341,0,0,0,8,4,4,2,10
3011,3,-605481955454606397,0,0,0,10,3,3,1,7
3012,3,-7535751238037562607,0,2,2,8,6,2,1,9
3013,3,8718743405173168491,0,0,0,10,1,4,2,7
3014,3,-4939446016350335811,0,0,0,8,7,4,2,16
3015,3,-1231652902308314004,0,1,1,7,1,2,1,6
3016,3,988534287031982014,0,1,1,9,2,3,2,6
3017,3,3266591852499735944,0,1,1,12,2,5,2,11
3018,3,-327253803090047858,0,1,1,10,1,3,1,9
3019,3,-7437783819547026583,0,1,1,11,1,4,2,7
3020,3,-2968876794452523007,0,0,0,9,1,4,1,13
3021,3,2534554172117955026,0,1,1,13,1,4,2,6
3022,3,-2128380055720700008,0,2,2,8,1,4,2,17
3023,3,-2198606292935249897,0,1,1,9,1,3,1,10
3024,3,-5689428262506377450,0,2,2,8,6,3,2,9
3025,3,-1273488730283783473,0,0,0,11,2,5,2,15
3026,3,-4911174575884000428,0,0,0,13,1,7,2,18
3027,3,-6619679564530836281,0,1,1,9,2,3,2,4
3028,3,-4453539596820930991,0,1,1,10,1,4,2,13
3029,3,2495540592112192312,0,0,0,12,1,5,1,11
3030,3,8011638740161626253,0,0,0,11,1,5,2,12
3031,3,-5561845138331846340,0,1,1,12,1,4,2,12
3032,3,5705000069710603158,0,1,1,10,1,4,2,8
3033,3,1981087644967435902,0,0,0,9,2,4,2,12
3034,3,5371569724445503970,0,2,2,8,1,3,2,9
3035,3,-4434128779495287503,0,2,2,10,3,4,1,11
3036,3,-8207864737395521569,0,1,1,12,3,4,2,10
3037,3,8917905825490432835,0,1,1,12,2,4,1,11
3038,3,975906054789009992,0,1,1,11,2,3,1,8
3039,3,-2463429262469938479,0,1,1,11,1,4,1,12
3040,3,1170135017309552058,0,0,0,8,7,2,1,6
3041,3,-8174021087695065635,0,2,2,11,3,5,2,13
3042,3,-8279831450741847161,0,1,1,9,2,3,1,9
3043,3,4550743804818878781,0,0,0,8,4,4,1,15
3044,3,8646743333042134984,0,0,0,9,4,4,1,13
3045,3,8205803038795573974,0,1,1,7,9,2,2,6
3046,3,-6775027578990863176,0,0,0,9,8,4,2,12
3047,3,-801698345637210358,0,0,0,12,1,6,2,13
3048,3,-1367877682291269824,0,0,0,10,4,3,1,7
3049,3,8931024483415306606,0,2,2,9,1,4,1,15
3050,3,8545334278912995533,0,1,1,7,3,2,1,5
3051,3,-9156063687529517888,0,1,1,10,4,3,1,9
3052,3,510871865982812777,0,0,0,8,6,3,1,9
3053,3,-7148583240231422441,0,1,1,11,1,4,2,8
3054,3,-5582487133679713015,0,0,0,9,7,4,2,10
3055,3,-5206139321822038180,0,0,0,9,6,4,2,10
3056,3,-5294270709897415901,0,0,0,8,3,4,2,14
3057,3,-7671788063779582728,0,0,0,9,4,4,2,13
3058,3,8421516177941716868,0,0,0,9,6,4,2,10
3059,3,9163478630387737294,0,1,1,7,4,3,2,12
3060,3,506145288869518687,0,1,1,9,5,3,2,7
3061,3,-4674728676344877972,0,1,1,9,2,3,1,12
3062,3,-8623314630378891864,0,2,2,10,4,3,1,4
3063,3,-5585981575585043332,0,0,0,14,1,7,2,17
3064,3,8666946257976024482,0,2,2,11,2,5,2,14
3065,3,-4409753056724172928,0,0,0,11,3,4,1,7
3066,3,-4714414961252048201,0,1,1,10,1,5,2,18
3067,3,6676977832335269310,0,0,0,8,2,3,1,11
3068,3,999248327694139271,0,0,0,9,7,5,2,16
3069,3,1613468811668867192,0,2,2,11,1,5,2,10
3070,3,-1550319010348396990,0,0,0,7,8,3,2,8
3071,3,-5885803716420430240,0,2,2,9,1,4,2,13
3072,3,2748860872679951418,0,1,1,10,2,4,2,11
3073,3,5126229251396014922,0,0,0,6,5,2,1,6
3074,3,-9001532032172678477,0,1,1,8,8,2,1,4
3075,3,-8000366069702056157,0,1,1,9,7,2,1,5
3076,3,-7048980602594940675,0,0,0,8,5,4,2,15
3077,3,2151870333888608289,0,1,1,11,3,5,2,15
3078,3,-7829074558694771772,0,0,0,10,3,5,2,13
3079,3,9057458852627610683,0,2,2,14,3,5,2,6
3080,3,-4113723258648656474,0,0,0,7,7,4,2,16
3081,3,8031917077337664987,0,1,1,9,5,2,1,7
3082,3,4420917662676514054,0,0,0,8,5,3,1,7
3083,3,5278393335388592082,0,1,1,9,2,3,1,9
3084,3,3906582900592696095,0,0,0,8,3,4,2,14
3085,3,-202937266431316852,0,1,1,7,9,2,2,6
3086,3,-4527064242463186852,0,1,1,8,4,3,2,11
3087,3,-1427758816713335676,0,2,2,11,1,5,2,14
3088,3,-8330041049065375259,0,1,1,9,2,4,2,10
3089,3,2313056608415686649,0,0,0,8,4,3,1,7
3090,3,-6147898272334140291,0,1,1,11,2,4,2,10
3091,3,-1614620496388888607,0,2,2,9,2,3,1,9
3092,3,-2499081214121514870,0,0,0,8,6,3,1,13
3093,3,1999823714637474334,0,1,1,12,3,4,2,11
3094,3,-8995288514289659019,0,0,0,8,4,4,2,14
3095,3,-2632021536821805841,0,1,1,11,5,3,1,5
3096,3,-8480882402207919564,0,1,1,9,6,3,2,6
3097,3,-2599923411939773015,0,1,1,11,3,3,1,7
3098,3,2758824368106236196,0,1,1,8,2,3,2,10
3099,3,-2890156139819041115,0,0,0,11,6,4,1,11
3100,3,28044100754031899,0,0,0,10,7,5,2,14
3101,3,-7935003793888667524,0,1,1,10,4,3,1,9
3102,3,-6634731881326280259,0,0,0,9,5,4,2,12
3103,3,-2999759309223036303,0,0,0,10,2,4,2,10
3104,3,-242454867679985394,0,2,2,9,2,4,2,14
3105,3,2143901824824952366,0,0,0,8,1,3,1,7
3106,3,7698836194163320905,0,2,2,8,3,2,1,5
3107,3,-487637986483223885,0,1,1,11,5,4,1,11
3108,3,-5869816333049195025,0,0,0,9,3,5,2,16
3109,3,8120577299734336139,0,0,0,10,5,5,2,15
3110,3,5929052486020261154,0,1,1,8,5,2,1,6
3111,3,-6714367675329701568,0,1,1,8,4,2,1,6
3112,3,5677485449053147699,0,1,1,11,5,4,2,9
3113,3,2094325517217743888,0,0,0,8,5,4,2,11
3114,3,-369190203325459336,0,0,0,9,2,4,1,13
3115,3,-8446109853205714464,0,0,0,8,3,3,1,11
3116,3,-8728035316455669405,0,1,1,12,4,4,2,12
3117,3,1861911334046185072,0,1,1,10,1,4,2,12
3118,3,-1619964953093911345,0,0,0,7,8,3,2,8
3119,3,-7210895629108685617,0,2,2,11,2,5,2,12
3120,3,6073975207597259421,0,2,2,9,3,4,2,14
3121,3,6261042502280039697,0,1,1,10,8,3,2,4
3122,3,-5688238476080114305,0,1,1,10,3,4,2,14
3123,3,4555380686075676992,0,2,2,10,3,3,1,10
3124,3,-1699918830134132973,0,1,1,10,5,4,2,14
3125,3,2298789992256910736,0,0,0,8,3,4,2,12
3126,3,8789472211407334707,0,2,2,10,2,3,1,9
3127,3,-2521058582150090795,0,2,2,10,2,4,2,12
3128,3,7216875085501540491,0,1,1,10,7,3,1,7
3129,3,8361458708787165753,0,0,0,7,3,3,1,11
3130,3,4135779105821794411,0,2,2,9,1,5,2,20
3131,3,-3918610346406664919,0,0,0,10,5,4,1,11
3132,3,3828929908779984861,0,1,1,10,2,4,2,10
3133,3,7540304084393550991,0,2,2,9,2,4,2,11
3134,3,-931328204100276230,0,1,1,7,6,2,1,8
3135,3,-8743627976667610042,0,0,0,8,4,4,2,12
3136,3,5179727149625037689,0,0,0,10,1,5,2,12
3137,3,7318983165946933194,0,1,1,9,2,4,2,12
3138,3,8379600950464235400,0,0,0,8,3,4,2,16
3139,3,4535580886595993903,0,1,1,9,3,3,2,3
3140,3,4123940973511476702,0,1,1,12,5,5,2,12
3141,3,-8505330776950863020,0,0,0,6,6,3,1,15
3142,3,1130240267607917584,0,0,0,7,5,3,2,12
3143,3,-6428074996513991848,0,1,1,10,3,3,1,6
3144,3,3396492652922276900,0,2,2,11,2,5,2,14
3145,3,-3420477861335470773,0,0,0,10,2,5,2,14
3146,3,325766963007425123,0,1,1,7,8,2,2,6
3147,3,-649949874787831768,0,0,0,8,2,5,2,20
3148,3,532291743957083251,0,2,2,12,1,5,2,12
3149,3,-7302179708681997053,0,2,2,12,2,4,1,8
3150,3,7345076293088144804,0,1,1,7,6,1,1,2
3151,3,-8302076684109097602,0,0,0,8,2,5,2,20
3152,3,1801702079992319113,0,0,0,10,2,4,1,13
3153,3,2446277484415032705,0,2,2,12,1,4,1,9
3154,3,-8568437998394743349,0,0,0,9,7,3,1,7
3155,3,-3039789373296450519,0,2,2,11,6,5,2,14
3156,3,-2643900418087641031,0,2,2,7,5,3,2,10
3157,3,-1158161754528546816,0,2,2,8,5,3,2,11
3158,3,4278008695117338146,0,0,0,7,1,3,1,11
3159,3,-7886693253925729681,0,0,0,9,3,5,2,18
3160,3,7201699709314074598,0,0,0,7,6,2,1,5
3161,3,-2009779612653263248,0,2,2,9,7,4,2,14
3162,3,4897611745649664970,0,1,1,9,5,2,1,3
3163,3,2797743894597107335,0,1,1,9,3,3,2,3
3164,3,-3218613780389071092,0,0,0,10,6,5,2,12
3165,3,-9177998322268901902,0,0,0,9,1,5,2,16
3166,3,-105659106114659273,0,0,0,16,1,6,1,7
3167,3,-6653196983792727777,0,1,1,12,7,4,2,5
3168,3,8455886640413735608,0,1,1,12,4,4,2,10
3169,3,3320643604137605469,0,1,1,9,5,4,2,17
3170,3,3367956273770507184,0,0,0,8,1,4,2,15
3171,3,8228591694035312598,0,1,1,14,1,5,2,12
3172,3,-7912206948561364981,0,1,1,8,4,3,2,10
3173,3,-1775892707502410819,0,0,0,10,3,4,1,15
3174,3,-8725029875363060784,0,2,2,10,6,3,2,5
3175,3,830802112799395779,0,2,2,10,1,4,1,14
3176,3,-6214239432185283910,0,1,1,9,3,3,2,6
3177,3,5082350566770533070,0,0,0,9,2,3,1,7
3178,3,-4746981993212718584,0,1,1,7,3,2,1,5
3179,3,-726509346709882900,0,0,0,9,4,4,2,10
3180,3,1869200440792167313,0,1,1,9,3,4,2,10
3181,3,4338645541212948869,0,1,1,9,7,3,2,6
3182,3,8956876648010851866,0,1,1,10,2,4,2,7
3183,3,6015789873260811216,0,1,1,8,8,3,2,8
3184,3,-92483516318038293,0,0,0,10,3,5,2,13
3185,3,-3259487643856905592,0,2,2,9,4,3,1,13
3186,3,-3070499757894719329,0,1,1,15,2,6,2,10
3187,3,-6099531205552384546,0,2,2,11,4,4,2,10
3188,3,8139649797234641724,0,2,2,8,4,3,2,11
3189,3,4568705471735003825,0,2,2,11,3,5,2,13
3190,3,-8754161487925673597,0,1,1,11,7,3,2,6
3191,3,4180835441726083579,0,1,1,7,2,2,1,6
3192,3,2828217554434774920,0,0,0,8,5,4,2,12
3193,3,3104051913978581902,0,1,1,7,9,1,1,4
3194,3,-6148459515747185020,0,0,0,10,3,4,2,9
3195,3,163200891344189441,0,1,1,8,1,2,1,6
3196,3,-2147953929892888087,0,0,0,14,1,6,2,10
3197,3,-8245409261383502364,0,1,1,11,2,4,2,5
3198,3,2776420535364225462,0,0,0,8,6,3,1,7
3199,3,860104832620928570,0,1,1,8,4,3,2,10
3200,3,-287190314650423796,0,0,0,8,3,5,2,20
3201,3,-5956411088538760152,0,1,1,14,1,4,1,8
3202,3,-7121103464026095615,0,1,1,9,1,4,2,10
3203,3,-5015009565319259159,0,2,2,9,3,4,2,13
3204,3,-1625844439179973708,0,1,1,9,2,3,1,11
3205,3,-2962047936645341948,0,0,0,11,1,6,2,18
3206,3,6487142936303671201,0,0,0,9,4,3,1,10
3207,3,-1689453228849269823,0,1,1,9,3,3,2,9
3208,3,8651640770485626166,0,0,0,8,2,3,1,13
3209,3,2800034381374512600,0,2,2,9,6,4,2,11
3210,3,4485212288973350566,0,0,0,9,8,3,1,6
3211,3,-8893656220985766292,0,1,1,12,1,4,2,7
3212,3,2078099520283237884,0,0,0,10,1,3,1,9
3213,3,5905278401979209015,0,0,0,12,1,4,2,8
3214,3,7657155500955179378,0,0,0,9,3,5,2,16
3215,3,-5048928591197223675,0,1,1,10,2,4,2,8
3216,3,-5529007219524091645,0,1,1,8,1,2,1,6
3217,3,-5871640821419176602,0,0,0,10,2,4,1,9
3218,3,1035281000897161534,0,0,0,9,4,3,1,8
3219,3,6071371141267356574,0,0,0,10,3,5,2,14
3220,3,-6594120394495869092,0,0,0,9,2,5,2,16
3221,3,-2062611487005239584,0,2,2,8,2,4,2,15
3222,3,-8690120495842860396,0,1,1,11,2,4,1,11
3223,3,-1578259809237333061,0,1,1,8,7,3,2,8
3224,3,-8404762146494480722,0,2,2,11,5,4,2,11
3225,3,-8636561925589935404,0,0,0,12,7,4,2,8
3226,3,-5834369814064448554,0,1,1,12,4,5,2,10
3227,3,-8452392065086341419,0,0,0,10,2,5,2,10
3228,3,1237251950617941938,0,1,1,7,3,3,2,10
3229,3,-5531630595478225499,0,0,0,13,1,6,2,12
3230,3,1237969467277966262,0,0,0,10,3,5,2,16
3231,3,2182939066481940697,0,2,2,8,5,3,2,8
3232,3,-1395359256726690634,0,2,2,9,7,2,1,2
3233,3,-1570878450552237719,0,2,2,11,3,4,1,11
3234,3,-8467187153114697796,0,0,0,8,1,5,2,20
3235,3,7246464986925052582,0,2,2,9,5,2,1,4
3236,3,-6682511810846859237,0,0,0,10,2,4,1,13
3237,3,2969094008657582187,0,0,0,11,1,5,2,9
3238,3,-5907386242687438140,0,0,0,10,2,5,2,14
3239,3,-9133342432456612717,0,1,1,9,4,3,2,5
3240,3,-1492232808180935977,0,2,2,14,2,5,1,9
3241,3,-4706863798867044438,0,0,0,11,4,4,1,10
3242,3,3633845177101370237,0,1,1,10,1,4,1,12
3243,3,5985998432692781286,0,2,2,9,2,4,2,14
3244,3,5963314107486671604,0,1,1,7,9,1,1,4
3245,3,-8610190522476299945,0,0,0,8,4,3,1,9
3246,3,-7964405131221783829,0,2,2,9,6,2,1,4
3247,3,7310194350916001373,0,0,0,9,1,4,1,13
3248,3,2190541877371572751,0,1,1,10,2,3,2,9
3249,3,-5165804447211094181,0,0,0,10,4,4,2,10
3250,3,-686243873187204379,0,0,0,9,3,3,1,8
3251,3,3001925705559995049,0,0,0,8,3,3,1,9
3252,3,2986543021471923162,0,1,1,9,6,2,1,5
3253,3,-6585514619567372850,0,2,2,8,2,2,1,7
3254,3,-7846940343613379433,0,1,1,10,6,3,2,8
3255,3,5219646314432249071,0,1,1,10,1,4,2,12
3256,3,-1331058436770716518,0,2,2,9,6,3,1,9
3257,3,6125436549253944705,0,0,0,11,2,5,1,15
3258,3,8334804963275458306,0,2,2,8,2,4,2,15
3259,3,5271950498128969797,0,0,0,11,2,5,2,10
3260,3,-4595724948966193239,0,0,0,12,1,5,1,12
3261,3,7469439194640238198,0,0,0,9,5,4,2,10
3262,3,-667904307384257161,0,1,1,9,5,2,1,5
3263,3,-9214524239974314437,0,1,1,7,6,1,1,2
3264,3,-4468099697396034059,0,0,0,10,6,4,1,11
3265,3,-6442344156908719518,0,0,0,9,7,4,2,10
3266,3,2144543204135331360,0,1,1,9,4,2,1,4
3267,3,3567349217355161935,0,1,1,11,2,4,2,8
3268,3,-1114472247085984641,0,0,0,8,3,4,2,14
3269,3,2576485352068265778,0,0,0,13,1,5,1,9
3270,3,510573556426229879,0,1,1,9,2,3,1,10
3271,3,1953444039238141815,0,1,1,10,4,4,2,12
3272,3,5531296208432302814,0,1,1,11,2,5,2,10
3273,3,-375517529915455102,0,2,2,11,1,6,2,20
3274,3,248322115125715917,0,1,1,11,3,4,2,10
3275,3,2516064191119170716,0,1,1,10,4,4,2,10
3276,3,791659799632462265,0,2,2,10,2,5,2,16
3277,3,-1735597624491337945,0,1,1,11,1,4,2,8
3278,3,-2029693825814921788,0,1,1,10,2,2,1,4
3279,3,-4825279594967296743,0,1,1,11,2,3,1,8
3280,3,5908271902738010449,0,1,1,10,2,4,2,12
3281,3,-4939244998972458585,0,0,0,8,1,3,1,9
3282,3,5653305858371670229,0,0,0,8,7,4,2,10
3283,3,-5213741365599594432,0,1,1,11,5,3,2,3
3284,3,2599171227672756212,0,0,0,10,1,4,1,12
3285,3,5896758220874954940,0,1,1,10,4,4,2,8
3286,3,2594333297047130828,0,2,2,9,5,3,1,13
3287,3,9218565782349261525,0,1,1,9,5,3,2,12
3288,3,-6109452555471277941,0,0,0,8,8,2,1,4
3289,3,2314493114204544213,0,0,0,8,6,4,2,10
3290,3,4652034851661122375,0,1,1,9,4,3,2,5
3291,3,-6974840906776630895,0,2,2,13,1,5,1,14
3292,3,5190964574278770957,0,0,0,9,3,4,2,14
3293,3,-7679298744630750827,0,2,2,10,3,3,1,9
3294,3,3301289939976272442,0,2,2,9,1,4,2,13
3295,3,2565241510367581088,0,1,1,10,2,3,1,9
3296,3,8152653028858034441,0,0,0,10,1,5,2,14
3297,3,-8519872425647515566,0,0,0,8,4,4,2,12
3298,3,-5875891298769138067,0,0,0,14,1,5,1,10
3299,3,-2007975712441653981,0,0,0,8,6,4,2,14
3300,3,-6418721514347845599,0,0,0,11,1,5,1,15
3301,3,-5540477727700202857,0,1,1,12,5,5,2,16
3302,3,7268479599804984316,0,0,0,13,4,6,2,12
3303,3,1440331818375807407,0,0,0,11,3,6,2,16
3304,3,9089439384059679881,0,1,1,7,5,2,2,6
3305,3,-6783713900883219294,0,0,0,10,2,5,2,12
3306,3,4146244270505362135,0,2,2,8,2,3,2,10
3307,3,7296694096769658573,0,2,2,9,5,2,1,4
3308,3,697935000104901004,0,1,1,7,4,2,1,8
3309,3,1574644817313370087,0,1,1,8,4,3,2,8
3310,3,-8087457697888537280,0,1,1,11,1,4,2,10
3311,3,1124990253155884664,0,1,1,9,3,3,1,8
3312,3,-5019744733746211321,0,0,0,8,4,3,1,11
3313,3,-7660596705501444725,0,1,1,9,2,3,2,6
3314,3,-3921070095093772721,0,1,1,12,3,5,2,13
3315,3,7746161804499683746,0,0,0,9,2,5,2,18
3316,3,2415834750342662892,0,0,0,7,6,2,1,7
3317,3,1297638211813990633,0,1,1,13,2,5,2,10
3318,3,1589918965246199921,0,1,1,12,1,4,2,8
3319,3,8572253929931561647,0,0,0,6,3,4,2,20
3320,3,-2136895122173441599,0,0,0,11,4,4,1,9
3321,3,499592078437681681,0,1,1,11,2,3,1,11
3322,3,524928962073060325,0,0,0,7,6,2,1,5
3323,3,-8852980926434023433,0,0,0,8,5,3,1,11
3324,3,-9056869528961944801,0,2,2,10,4,4,2,14
3325,3,-151276469411536828,0,1,1,10,1,3,1,6
3326,3,-598298873834025666,0,1,1,9,4,2,1,5
3327,3,-8218043050648633783,0,2,2,9,1,4,2,16
3328,3,-5068590709546253005,0,1,1,11,4,5,2,12
3329,3,-8466118843495273350,0,2,2,9,3,3,2,8
3330,3,-2830399845579746332,0,1,1,11,2,4,1,13
3331,3,1129821105200020323,0,2,2,9,1,3,2,6
3332,3,6424129065502227007,0,0,0,10,3,5,2,14
3333,3,-2509374947360562212,0,1,1,9,5,2,1,4
3334,3,-7010399295997644654,0,1,1,9,3,4,2,14
3335,3,4060550482961807483,0,0,0,10,1,4,1,10
3336,3,-2761388790558525670,0,0,0,11,3,6,2,18
3337,3,-3553836421523916215,0,0,0,8,4,3,1,11
3338,3,2355380217970842585,0,1,1,9,4,4,2,11
3339,3,1812176382964073657,0,1,1,8,3,3,2,10
3340,3,3468378860426955180,0,1,1,10,4,3,2,10
3341,3,-2887973430982998827,0,0,0,13,2,7,2,18
3342,3,-1409231353283595108,0,0,0,8,4,4,2,12
3343,3,-412684114698342470,0,2,2,11,2,4,1,13
3344,3,-8188262331068598412,0,0,0,9,5,5,2,16
3345,3,-4507899165051622330,0,0,0,10,2,5,2,14
3346,3,4750977063850325650,0,2,2,10,5,4,2,12
3347,3,-9081649853648198641,0,0,0,8,5,4,2,14
3348,3,5776150900562369538,0,0,0,10,2,4,1,10
3349,3,-680630951573000298,0,0,0,9,5,4,2,8
3350,3,2526687667218170056,0,1,1,10,3,3,1,8
3351,3,5018275844666003900,0,0,0,8,3,5,2,20
3352,3,8182531960731588476,0,0,0,8,2,3,1,11
3353,3,5775419792877500020,0,1,1,15,1,5,1,6
3354,3,2830061986379951132,0,2,2,11,1,5,2,12
3355,3,-8625138638564480839,0,1,1,10,5,4,2,12
3356,3,-7928714830609314531,0,2,2,12,5,5,2,15
3357,3,-2632355370342648894,0,1,1,8,4,3,2,10
3358,3,-8320669996407655997,0,0,0,9,8,3,1,9
3359,3,6751965383596630900,0,2,2,10,1,3,1,8
3360,3,-5339358359929278030,0,0,0,10,4,5,2,14
3361,3,-7389525006724687848,0,0,0,10,5,5,2,14
3362,3,-3342434040270495293,0,1,1,10,1,4,2,11
3363,3,2735096967791550797,0,0,0,12,2,6,2,12
3364,3,-5818273235202627045,0,1,1,10,3,4,2,10
3365,3,8319271964419576896,0,1,1,10,2,4,2,9
3366,3,-7751457178506886,0,1,1,9,4,3,2,7
3367,3,6450810798325649689,0,1,1,11,6,4,2,14
3368,3,5941774628395465168,0,0,0,7,6,3,1,10
3369,3,-6165858429052884040,0,1,1,8,7,2,2,4
3370,3,-5992444144668939755,0,0,0,11,5,6,2,18
3371,3,-1602347001427137632,0,0,0,9,1,5,2,18
3372,3,7276047544478810457,0,1,1,10,3,3,1,9
3373,3,-3035616959485257933,0,0,0,11,3,4,1,14
3374,3,-6481252823297679590,0,0,0,9,7,3,2,6
3375,3,1047275973786484255,0,1,1,10,3,4,2,10
3376,3,9217056807739837653,0,0,0,13,1,6,2,13
3377,3,2311562921237952280,0,0,0,10,4,5,2,10
3378,3,3214632046028657887,0,0,0,13,2,6,2,12
3379,3,3854566123589436615,0,2,2,11,2,5,2,12
3380,3,-594534613384105356,0,2,2,8,2,3,1,12
3381,3,-3630604295588932095,0,1,1,8,7,3,2,10
3382,3,-6999971350952988912,0,0,0,10,8,4,2,9
3383,3,-1436241159405382340,0,0,0,9,7,3,1,8
3384,3,4067315932948922621,0,2,2,10,1,4,2,11
3385,3,5042190502867401534,0,0,0,9,6,3,1,12
3386,3,8219218981919358765,0,2,2,9,3,3,1,11
3387,3,669379885146069270,0,0,0,10,1,5,1,19
3388,3,-1482089781700002231,0,1,1,7,7,1,1,4
3389,3,-4337331045603783344,0,0,0,8,2,4,1,15
3390,3,7464420718394059529,0,0,0,12,2,5,1,13
3391,3,1219466014216181859,0,1,1,9,6,4,2,10
3392,3,-6107173845967112762,0,0,0,11,1,5,1,11
3393,3,-8411571160387058578,0,0,0,12,5,5,2,14
3394,3,-334217349934636212,0,0,0,10,1,5,2,16
3395,3,-4207513618031766493,0,2,2,8,8,3,2,7
3396,3,-85301253698251019,0,2,2,10,5,4,2,10
3397,3,381207386128395523,0,1,1,9,1,4,2,11
3398,3,2586510115622988274,0,0,0,11,2,4,1,10
3399,3,2589644195610325195,0,2,2,10,4,4,2,12
3400,3,-3123224075701378069,0,1,1,11,4,2,1,5
3401,3,7415301972475722286,0,1,1,9,4,2,1,3
3402,3,-7049257821522777909,0,1,1,9,2,4,2,14
3403,3,-8309684372331532093,0,1,1,10,2,4,2,10
3404,3,-4865611729690841132,0,1,1,11,4,4,1,14
3405,3,-7215463320593487808,0,0,0,11,5,4,2,6
3406,3,3029491373890918393,0,2,2,8,3,3,2,12
3407,3,-5145999387780481304,0,0,0,10,1,5,2,14
3408,3,-6055496926736634516,0,1,1,8,3,2,1,6
3409,3,299850057583718210,0,0,0,10,2,5,2,12
3410,3,5622017149127341172,0,1,1,8,5,3,2,8
3411,3,3205000580166027531,0,1,1,9,2,3,1,13
3412,3,3584952145504095620,0,1,1,8,4,3,2,10
3413,3,3768903714705884524,0,1,1,10,2,4,2,10
3414,3,8330609743511832201,0,1,1,9,2,3,1,8
3415,3,5229574970176891503,0,0,0,8,6,3,2,10
3416,3,-7506612231889539709,0,1,1,11,3,4,1,9
3417,3,5790646294746771887,0,0,0,8,4,5,2,20
3418,3,8037326162694682711,0,0,0,11,1,4,1,13
3419,3,-5028329385108560305,0,0,0,7,1,3,1,14
3420,3,-7142894420368501278,0,0,0,8,3,3,1,8
3421,3,-3882192964541616596,0,0,0,8,9,3,2,6
3422,3,-3202926071364961199,0,0,0,12,4,5,1,11
3423,3,827570572221051478,0,0,0,7,2,3,1,11
3424,3,1898354670717077679,0,2,2,12,2,5,2,13
3425,3,4824401204126227131,0,1,1,8,6,2,1,10
3426,3,-5072753026272312385,0,1,1,9,2,3,1,11
3427,3,5213837876498600229,0,2,2,10,4,5,2,15
3428,3,2538410078637187083,0,2,2,8,8,2,1,9
3429,3,1306312172435357541,0,1,1,9,7,2,1,3
3430,3,1343595192662885692,0,0,0,12,1,4,1,7
3431,3,3847428355662183632,0,2,2,11,2,4,1,13
3432,3,-1889217264686941012,0,0,0,13,2,5,2,9
3433,3,8703416444871155434,0,0,0,9,4,4,1,12
3434,3,-1920659067236232391,0,0,0,10,5,4,2,12
3435,3,6926008092930629985,0,2,2,9,3,4,2,12
3436,3,-2250524260699732900,0,1,1,7,7,1,1,2
3437,3,-2542399239170598596,0,0,0,12,2,6,2,14
3438,3,6006722384790143609,0,0,0,9,4,4,1,14
3439,3,7316606503368484692,0,2,2,8,1,4,2,15
3440,3,-3826204874393735049,0,2,2,11,3,3,1,7
3441,3,8912132475963465218,0,1,1,7,4,2,1,6
3442,3,-5901460769250008941,0,2,2,11,3,4,2,10
3443,3,2848281102704823833,0,1,1,11,1,4,2,10
3444,3,-2193809274762875791,0,1,1,10,1,3,1,9
3445,3,-1660675972434481386,0,0,0,10,4,3,1,7
3446,3,6778638869793880692,0,1,1,11,5,3,1,7
3447,3,5619233277994849942,0,0,0,11,2,4,1,10
3448,3,3600450516733199438,0,0,0,9,7,4,2,10
3449,3,5711766852989973256,0,1,1,9,4,4,2,14
3450,3,-2147932281336827174,0,0,0,10,2,5,2,18
3451,3,6699165108287765922,0,1,1,7,6,3,2,12
3452,3,-2994075000198601944,0,0,0,9,5,4,2,10
3453,3,-2204465830538291304,0,0,0,10,3,3,1,9
3454,3,-5281037013181749031,0,1,1,7,5,2,2,4
3455,3,-2500115166576376181,0,2,2,9,2,4,2,12
3456,3,1107924455186489773,0,1,1,9,8,3,2,5
3457,3,2022332423950419007,0,1,1,8,5,3,2,8
3458,3,-8817169631134486950,0,1,1,12,1,5,2,10
3459,3,-7980371659697171055,0,0,0,11,3,5,2,12
3460,3,-7642663279849888609,0,0,0,9,5,5,2,16
3461,3,8917463422281538727,0,1,1,7,5,3,2,10
3462,3,-7150338817639412073,0,0,0,9,1,5,2,18
3463,3,8307866513983871592,0,0,0,11,2,5,2,10
3464,3,-8868009045899818158,0,1,1,8,3,2,1,6
3465,3,1286963562675917615,0,1,1,12,1,4,2,12
3466,3,5169644448489399457,0,1,1,12,3,5,2,12
3467,3,5273562184581434042,0,0,0,9,2,3,1,8
3468,3,-5036762121501462991,0,1,1,9,1,3,1,8
3469,3,-853751231886062744,0,1,1,10,2,4,2,12
3470,3,6248707794918670810,0,0,0,10,1,4,2,6
3471,3,-1608378488269345629,0,1,1,9,6,3,1,8
3472,3,-6862895945042531015,0,1,1,12,1,4,1,6
3473,3,-2715067850828444518,0,1,1,10,6,3,1,12
3474,3,-3705124670693956485,0,0,0,9,4,4,1,13
3475,3,-1174526603119742669,0,1,1,11,5,2,1,3
3476,3,-1388617779530150277,0,1,1,10,2,4,2,10
3477,3,6727732417867990080,0,2,2,11,3,5,2,12
3478,3,7624228610388196879,0,0,0,8,1,3,1,11
3479,3,8779922541986373360,0,0,0,8,5,4,2,16
3480,3,-1523726622559671137,0,2,2,10,2,5,2,16
3481,3,3811653306956159111,0,0,0,10,1,5,2,10
3482,3,-8404811375539697162,0,0,0,15,1,5,1,8
3483,3,-4507678783327597487,0,1,1,10,1,4,2,10
3484,3,-5579811192350001828,0,0,0,13,2,6,2,16
3485,3,9128135045556456148,0,0,0,12,2,5,1,13
3486,3,-6971169067516939292,0,2,2,10,2,4,2,10
3487,3,-3992271205942089148,0,0,0,9,2,4,2,10
3488,3,-5599665709472270335,0,0,0,8,2,4,2,12
3489,3,-7711773668388197829,0,1,1,7,4,3,2,10
3490,3,4805387146111290975,0,0,0,10,2,5,1,17
3491,3,1939736321016585897,0,0,0,7,9,2,1,7
3492,3,-4129107758978612240,0,1,1,7,4,3,2,10
3493,3,4074800587774203400,0,0,0,8,4,3,1,11
3494,3,-588443717853783740,0,0,0,10,2,4,1,11
3495,3,-6852103085267472684,0,2,2,12,1,5,2,12
3496,3,5407202535150442269,0,0,0,9,2,4,1,13
3497,3,-2643632436950773702,0,2,2,10,5,3,1,5
3498,3,4880237396399888450,0,1,1,9,3,3,1,7
3499,3,-3304995676078474737,0,2,2,12,3,5,2,10
3500,3,6275808343836679315,0,0,0,11,2,4,1,9
3501,3,-6265353886450507773,0,1,1,10,2,3,1,9
3502,3,-1236677959496238755,0,1,1,10,5,3,1,5
3503,3,2789768185239192597,0,2,2,14,3,6,2,11
3504,3,-5947075242506077457,0,1,1,12,7,4,2,12
3505,3,-8956508465299012535,0,0,0,10,3,5,2,13
3506,3,1529947542229994349,0,0,0,12,4,4,1,8
3507,3,-8880510857957486695,0,2,2,10,2,4,1,12
3508,3,-5528701340563164445,0,1,1,10,5,4,2,12
3509,3,-8570249835044522456,0,1,1,12,2,3,1,5
3510,3,-5948226133527903076,0,0,0,8,3,4,2,12
3511,3,-8451968537621788483,0,2,2,10,3,3,1,6
3512,3,2913600620658462132,0,0,0,8,4,5,2,20
3513,3,-2308645912144823442,0,1,1,8,4,3,2,11
3514,3,3421995380335712492,0,1,1,10,4,4,2,10
3515,3,274160899367354267,0,2,2,9,3,3,1,7
3516,3,4475935385917135805,0,1,1,12,1,4,2,9
3517,3,8880502183250544926,0,1,1,9,6,2,1,7
3518,3,1117114271463989423,0,1,1,12,4,4,2,8
3519,3,-8637933493361757504,0,2,2,11,2,5,2,16
3520,3,1661734397625107178,0,0,0,7,9,2,1,7
3521,3,4116153542085588462,0,1,1,10,2,3,1,9
3522,3,-3304683483167764723,0,0,0,9,2,4,1,17
3523,3,5031252089993619884,0,0,0,15,1,6,1,14
3524,3,-5489523817250464450,0,0,0,12,6,6,2,14
3525,3,5025165814426123464,0,1,1,9,3,2,1,5
3526,3,-7306215802038142847,0,2,2,10,3,3,1,8
3527,3,3863008609817190227,0,0,0,9,2,3,1,7
3528,3,-3809839618734971059,0,0,0,9,4,3,1,8
3529,3,-1157076914913161395,0,0,0,8,4,4,2,11
3530,3,3810828644991494492,0,0,0,10,4,4,1,10
3531,3,-8603248421313479521,0,1,1,11,1,4,2,8
3532,3,1512124331531304642,0,0,0,11,7,5,2,12
3533,3,3437323800646301773,0,1,1,12,4,4,2,6
3534,3,-3984974964960900031,0,2,2,11,3,3,1,5
3535,3,-1006727817762577685,0,1,1,9,3,3,2,12
3536,3,2097680616554606811,0,2,2,11,1,4,1,15
3537,3,-746612373199122864,0,1,1,7,6,3,2,10
3538,3,-7773951522371772249,0,0,0,11,5,5,2,9
3539,3,-8400564315740502391,0,1,1,10,2,3,1,10
3540,3,-4044617130174375704,0,1,1,7,7,2,2,2
3541,3,-321452303989967344,0,1,1,8,6,2,1,8
3542,3,5113456231215595867,0,0,0,7,9,2,1,7
3543,3,8527051572160796990,0,0,0,8,8,4,2,14
3544,3,5971073556411961039,0,1,1,9,6,3,2,8
3545,3,3885120810204673277,0,0,0,8,8,4,2,13
3546,3,-2710945465023137029,0,1,1,7,8,1,1,4
3547,3,773588890975913153,0,2,2,9,1,4,2,13
3548,3,-4558138031231982197,0,1,1,9,4,3,2,5
3549,3,3958340728218915768,0,0,0,12,1,5,2,9
3550,3,731788319508394619,0,1,1,10,3,3,1,7
3551,3,6157354233757152575,0,1,1,10,2,4,2,10
3552,3,5616330063113091496,0,1,1,9,2,3,2,3
3553,3,-3801035591317843816,0,1,1,9,2,3,1,11
3554,3,-1744748596251878492,0,0,0,8,6,3,1,9
3555,3,-1837609232666856486,0,0,0,9,4,4,2,10
3556,3,-4437839059087863863,0,0,0,11,2,5,2,10
3557,3,-2763978270905408984,0,0,0,10,3,4,2,12
3558,3,6434595620359454608,0,0,0,12,1,5,1,9
3559,3,8296570340748005669,0,1,1,9,6,3,2,6
3560,3,3642730393836667683,0,2,2,8,5,3,1,10
3561,3,1616150049596197286,0,0,0,6,5,3,2,10
3562,3,-5167463083813137616,0,2,2,9,3,3,1,11
3563,3,-7214018141791445079,0,1,1,8,5,3,2,8
3564,3,567651107422454783,0,1,1,11,3,5,2,14
3565,3,7786017733055886726,0,2,2,11,1,3,1,7
3566,3,3443294585625173446,0,2,2,12,2,5,2,12
3567,3,4245785636828577380,0,0,0,9,7,3,1,8
3568,3,-564241602715670980,0,0,0,9,3,4,2,10
3569,3,1324064257753658350,0,0,0,10,1,4,1,12
3570,3,-1597603295352754325,0,1,1,9,2,4,2,14
3571,3,-316836329839692987,0,1,1,12,4,4,2,11
3572,3,-1720186034461376566,0,1,1,8,6,3,2,10
3573,3,3350885034522752311,0,2,2,8,2,3,1,11
3574,3,-7503238558451341430,0,0,0,10,3,4,1,17
3575,3,-6917483094588123727,0,1,1,7,5,1,1,4
3576,3,-7726952906580175056,0,1,1,12,1,5,2,12
3577,3,9023373946669604466,0,1,1,9,5,3,2,5
3578,3,7164273968529197923,0,0,0,11,1,5,2,14
3579,3,5021326234040338689,0,0,0,8,1,3,1,9
3580,3,4977636252445385222,0,1,1,11,1,4,2,6
3581,3,-405661045099156511,0,0,0,10,4,5,2,15
3582,3,-2410381083236832119,0,0,0,8,4,3,1,9
3583,3,3399866019518187266,0,1,1,7,7,1,1,2
3584,3,-5497508250133064836,0,2,2,9,3,4,2,13
3585,3,-5788383086986189959,0,1,1,10,2,3,1,6
3586,3,2168760218336763748,0,0,0,8,6,4,2,14
3587,3,1427627037035936371,0,0,0,10,5,3,1,4
3588,3,-2979399693224559918,0,2,2,9,2,4,2,10
3589,3,-3031736240906545305,0,0,0,9,1,4,1,12
3590,3,-4480651316128857680,0,0,0,11,3,6,2,16
3591,3,-4911481580314433142,0,1,1,7,4,3,2,14
3592,3,2973120263799370206,0,1,1,8,4,3,2,8
3593,3,4292834519718000776,0,0,0,10,1,6,2,20
3594,3,5816838759645221117,0,1,1,8,2,3,2,10
3595,3,-4961309906280779664,0,0,0,10,1,5,2,13
3596,3,-6701648151216481399,0,0,0,8,3,3,1,7
3597,3,8355402558959466735,0,0,0,10,1,5,2,13
3598,3,-407255141124452051,0,1,1,7,9,1,1,4
3599,3,8133299833096080320,0,1,1,13,7,3,2,6
3600,3,-7798538725466885550,0,1,1,11,5,3,2,6
3601,3,-6135717416052507037,0,0,0,7,6,4,2,16
3602,3,9206425710976025336,0,0,0,10,4,4,2,5
3603,3,1058244752514544396,0,0,0,12,1,7,2,20
3604,3,3807491091264644809,0,1,1,13,1,4,1,10
3605,3,1739255313082705118,0,1,1,11,6,4,2,8
3606,3,-4501667897508042133,0,1,1,8,4,2,1,6
3607,3,5670487449855542104,0,1,1,11,3,4,1,11
3608,3,-2632163655841378795,0,0,0,6,8,2,1,8
3609,3,-605669234298531569,0,1,1,12,3,4,2,6
3610,3,3594253137413907812,0,0,0,12,5,5,2,14
3611,3,-6116422689756268131,0,0,0,7,8,3,2,10
3612,3,6989477049323659375,0,1,1,12,2,4,1,13
3613,3,-7407231223591415079,0,0,0,10,4,4,2,10
3614,3,3812123909874029080,0,2,2,9,3,4,2,11
3615,3,6861890159994387783,0,0,0,12,1,5,2,6
3616,3,-9086192898254731355,0,0,0,9,7,4,2,9
3617,3,-7601482409531303982,0,1,1,8,1,3,2,12
3618,3,5364687367676118414,0,1,1,10,3,4,2,9
3619,3,3834283604698348216,0,0,0,9,1,4,1,15
3620,3,-6051887854240563816,0,1,1,10,3,4,2,9
3621,3,8780254097268452805,0,0,0,10,2,5,2,14
3622,3,-5186539379061435870,0,1,1,9,4,2,1,5
3623,3,2948754253548801475,0,1,1,9,2,2,1,7
3624,3,-1006542733926712642,0,1,1,7,8,2,2,4
3625,3,3211011503044384048,0,1,1,7,4,2,1,5
3626,3,5402249939717430787,0,2,2,12,2,4,1,12
3627,3,3726174546222922801,0,1,1,9,4,3,1,6
3628,3,-6850448017055566688,0,1,1,8,4,3,2,8
3629,3,5866791170704712647,0,0,0,10,4,4,1,11
3630,3,-5358092903262025292,0,1,1,11,2,4,2,7
3631,3,3010464301732446271,0,2,2,9,5,4,2,10
3632,3,4752415762207288413,0,1,1,12,3,4,2,6
3633,3,5255769525635086063,0,1,1,11,1,5,2,14
3634,3,-262776738022726002,0,0,0,12,3,6,2,14
3635,3,7908123471321801502,0,2,2,13,2,4,1,6
3636,3,-6180529056051917530,0,1,1,9,1,3,1,12
3637,3,-191494240364644797,0,2,2,8,4,3,1,13
3638,3,7014857186516319549,0,0,0,7,9,2,1,9
3639,3,7162372715358955378,0,2,2,9,3,4,2,11
3640,3,1676952594630515392,0,0,0,10,5,3,1,5
3641,3,-4882680707026360813,0,2,2,10,1,4,2,11
3642,3,4690992266806223935,0,1,1,12,3,5,2,14
3643,3,-665408683114413100,0,0,0,8,8,2,1,6
3644,3,4458349764374458373,0,1,1,10,2,4,2,11
3645,3,6079260524435474912,0,1,1,12,1,5,2,12
3646,3,6526476519746856553,0,2,2,10,1,3,1,8
3647,3,4686682761428643152,0,2,2,8,5,3,2,8
3648,3,-6981901413598835357,0,0,0,12,2,5,1,15
3649,3,7346501120696833762,0,0,0,8,3,3,1,9
3650,3,1252947452284680545,0,2,2,10,1,3,1,7
3651,3,5834526116269634024,0,1,1,10,8,2,1,3
3652,3,7892191134753863515,0,0,0,8,4,5,2,20
3653,3,6090285657204012674,0,1,1,9,4,4,2,12
3654,3,5905884342584951844,0,1,1,10,7,3,2,9
3655,3,6968275405321757455,0,0,0,10,1,5,1,15
3656,3,-3838156506880678653,0,0,0,9,9,3,2,8
3657,3,-7984366179517130528,0,0,0,12,3,4,1,10
3658,3,-2159866399527488126,0,1,1,10,1,4,2,10
3659,3,5712976891267878958,0,1,1,10,1,4,2,12
3660,3,3162769236997799557,0,0,0,9,4,4,2,12
3661,3,350264271883376462,0,2,2,10,5,3,1,8
3662,3,1309976077758147229,0,1,1,9,5,2,1,6
3663,3,591847823805059362,0,0,0,11,1,4,1,9
3664,3,4747688268499233694,0,0,0,10,4,5,1,15
3665,3,4158087698036975314,0,1,1,15,1,6,2,14
3666,3,-625855060376181394,0,0,0,12,1,5,1,12
3667,3,-6930509326509743940,0,2,2,11,4,3,1,5
3668,3,-2868188279038316001,0,1,1,10,5,4,2,12
3669,3,-8935855279578015064,0,2,2,10,3,4,1,10
3670,3,-8280399892280028352,0,1,1,9,1,3,1,9
3671,3,5716322735991686976,0,1,1,9,3,4,2,14
3672,3,-4923278021506767760,0,0,0,9,5,3,1,8
3673,3,-3305942046165158210,0,0,0,9,4,4,2,10
3674,3,7262846877058933555,0,1,1,8,1,3,2,12
3675,3,2873469120252237030,0,0,0,9,2,4,2,12
3676,3,-2247360551819173880,0,0,0,11,3,5,2,10
3677,3,-264944870380924361,0,0,0,8,4,3,1,7
3678,3,-3581673002816557894,0,1,1,9,8,1,1,4
3679,3,5179059933381389405,0,1,1,8,8,2,1,8
3680,3,-5824896500322821130,0,2,2,13,1,4,1,7
3681,3,7242287344321006057,0,0,0,13,2,4,1,6
3682,3,-4981250369812994531,0,2,2,8,6,2,1,7
3683,3,-7317932275837199037,0,0,0,10,3,5,2,14
3684,3,-8212500949786867877,0,1,1,9,5,3,1,8
3685,3,8584452506673251038,0,0,0,10,1,4,1,9
3686,3,-855264544924161288,0,2,2,11,2,4,1,9
3687,3,-5990566669647343954,0,0,0,9,6,4,2,10
3688,3,-8317158710921398290,0,2,2,9,1,4,2,13
3689,3,2749415069026106583,0,0,0,10,4,4,1,9
3690,3,-6675014100101295430,0,2,2,9,6,3,1,7
3691,3,-993259447063168602,0,2,2,11,2,4,2,10
3692,3,5040973711996201078,0,2,2,8,4,3,1,12
3693,3,-4081513984550341436,0,0,0,10,4,4,1,11
3694,3,-8071501578944178393,0,0,0,9,5,4,2,10
3695,3,-2185346706976033880,0,1,1,11,1,4,2,14
3696,3,-1141715610161182892,0,1,1,12,1,5,2,10
3697,3,-2907367845123958963,0,1,1,7,3,3,2,10
3698,3,-1303582936680035625,0,2,2,11,4,5,2,14
3699,3,-5177960328763061979,0,1,1,11,2,4,1,10
3700,3,-2696593627145120522,0,2,2,11,1,4,1,11
3701,3,372566914958967628,0,0,0,11,5,4,1,13
3702,3,1084333227004354485,0,0,0,10,2,4,1,14
3703,3,5346120392450271232,0,2,2,12,2,4,1,14
3704,3,9198101980322370149,0,0,0,9,7,4,2,10
3705,3,-8488146565082424239,0,0,0,10,3,5,2,15
3706,3,-3655855431369343616,0,0,0,9,5,4,2,12
3707,3,4573352710270016020,0,0,0,8,6,3,1,8
3708,3,-5554002021783011400,0,0,0,11,1,5,2,11
3709,3,6003871274639551773,0,0,0,9,5,4,2,12
3710,3,896310255068702797,0,0,0,9,4,4,2,10
3711,3,4973955615651811244,0,1,1,8,5,4,2,16
3712,3,7165839955141782174,0,1,1,10,3,3,1,11
3713,3,-6684423063930168793,0,1,1,11,3,3,1,5
3714,3,5081763862346299139,0,1,1,10,3,4,2,10
3715,3,4634280110133819913,0,2,2,10,2,4,2,11
3716,3,-2276041913788740391,0,0,0,11,1,5,1,13
3717,3,-1784490398631435238,0,2,2,10,1,3,1,8
3718,3,-5928418379016119843,0,1,1,13,2,5,1,13
3719,3,5814388993324905952,0,0,0,7,9,3,2,10
3720,3,-8333611338841474371,0,1,1,11,4,2,1,3
3721,3,3981406061590968917,0,2,2,9,5,4,2,15
3722,3,1383151784559849708,0,2,2,9,3,3,1,8
3723,3,8773010979334374873,0,2,2,11,4,4,2,10
3724,3,8165766236434014645,0,2,2,12,2,4,1,13
3725,3,-8294538476794356375,0,2,2,10,1,4,2,9
3726,3,7698699568197956243,0,2,2,10,5,4,2,11
3727,3,2653350741330042129,0,1,1,9,4,2,1,7
3728,3,3962125708379084479,0,1,1,8,9,1,1,1
3729,3,1511104605381513631,0,1,1,11,2,4,1,12
3730,3,8588378194130592265,0,1,1,9,7,3,2,8
3731,3,4928979488229865881,0,1,1,9,3,3,1,11
3732,3,-7970545500360608533,0,1,1,7,9,2,2,2
3733,3,2265756203141243248,0,1,1,9,1,3,1,10
3734,3,-2134946836961503782,0,0,0,7,8,2,1,5
3735,3,-4004752223151059212,0,2,2,10,3,3,1,6
3736,3,6764231411648105439,0,0,0,10,1,5,2,13
3737,3,1851972695486902283,0,1,1,8,7,3,2,8
3738,3,-3770023974526038426,0,0,0,8,6,4,2,14
3739,3,4508580327586627741,0,0,0,11,1,4,1,9
3740,3,5300133173034786390,0,2,2,8,6,2,1,5
3741,3,-5790702560298935342,0,2,2,9,3,5,2,20
3742,3,-7258968918598427551,0,0,0,9,4,5,2,16
3743,3,-1289846414995821441,0,1,1,9,4,3,2,10
3744,3,799938503104327836,0,2,2,9,1,3,1,11
3745,3,-6339887284020694819,0,2,2,8,4,3,2,11
3746,3,-4620003039930656942,0,0,0,8,6,4,2,14
3747,3,8851805673907225979,0,1,1,10,3,2,1,3
3748,3,-1161607212778510572,0,1,1,10,3,3,2,8
3749,3,5834115218699185013,0,0,0,10,2,5,2,12
3750,3,-3106534684281347052,0,2,2,10,6,2,1,5
3751,3,2257813823468305894,0,1,1,10,5,3,1,8
3752,3,-4995087363884731213,0,0,0,9,3,4,1,13
3753,3,6461442110048750234,0,1,1,10,2,3,1,9
3754,3,-8020261415205811369,0,2,2,8,5,3,2,8
3755,3,-2718742513271832056,0,0,0,13,2,6,2,11
3756,3,-7454221707321927294,0,0,0,8,2,4,2,10
3757,3,-4136275449962974594,0,2,2,10,1,4,1,10
3758,3,-4140664329660227553,0,1,1,10,5,2,1,3
3759,3,9205764235870077598,0,2,2,11,3,5,1,16
3760,3,4503968492323860767,0,2,2,10,1,4,1,14
3761,3,5028929620034232072,0,1,1,10,2,5,2,16
3762,3,-5170801861750442428,0,1,1,9,6,2,1,4
3763,3,8863186744972496728,0,1,1,12,1,4,1,12
3764,3,1806388045447319868,0,2,2,12,1,5,2,11
3765,3,-8568373072836401582,0,1,1,13,3,4,1,10
3766,3,-1205968619918137103,0,1,1,10,2,4,2,10
3767,3,3562870879744524636,0,2,2,10,3,4,2,8
3768,3,-3099404739057125345,0,0,0,11,1,5,2,14
3769,3,8382492508093303596,0,1,1,13,1,6,2,15
3770,3,-3004536529581854426,0,1,1,9,2,3,2,4
3771,3,7240271743992739265,0,0,0,9,1,4,1,13
3772,3,7965795821481806625,0,2,2,11,3,5,2,14
3773,3,-2461713013436883050,0,0,0,7,6,2,1,5
3774,3,6279920053783071798,0,0,0,10,3,4,1,13
3775,3,-6684294522899654635,0,0,0,10,3,5,2,12
3776,3,7155356496941622575,0,1,1,10,3,3,1,8
3777,3,6326194763261785929,0,0,0,9,3,5,2,16
3778,3,-3267204684006378935,0,0,0,12,4,6,2,14
3779,3,-2729215369887564584,0,2,2,12,1,4,2,9
3780,3,-7480980889664719540,0,1,1,9,7,2,1,3
3781,3,-482425399715206609,0,2,2,8,4,2,1,9
3782,3,-2093155136659055397,0,2,2,8,7,2,1,7
3783,3,5912437721900207102,0,1,1,9,4,2,1,5
3784,3,308872688472141069,0,0,0,6,9,3,2,12
3785,3,7365579595651049191,0,0,0,10,5,3,1,7
3786,3,8811168244860509499,0,2,2,10,2,5,2,19
3787,3,-176489975114237071,0,1,1,9,4,3,2,11
3788,3,3950710535395999515,0,1,1,10,1,4,2,10
3789,3,7279722977281185090,0,0,0,7,4,3,1,12
3790,3,1954368843808817933,0,0,0,8,8,3,1,11
3791,3,-4162411212421834355,0,0,0,12,1,6,2,12
3792,3,6700728848728747445,0,1,1,14,2,4,2,8
3793,3,3057333069046859977,0,0,0,9,4,3,1,10
3794,3,1761723715654669001,0,0,0,8,8,4,2,12
3795,3,-6248444613794568285,0,0,0,11,3,6,2,18
3796,3,-9025237398807074517,0,0,0,6,5,3,2,12
3797,3,2475819116238930740,0,2,2,9,3,2,1,4
3798,3,522621932268555322,0,1,1,9,1,3,2,8
3799,3,-3032442323078708106,0,0,0,9,5,4,2,12
3800,3,7482922999203577444,0,1,1,12,1,4,2,10
3801,3,7390043517513664244,0,0,0,9,6,4,1,13
3802,3,-3692820374739877633,0,0,0,10,2,4,1,11
3803,3,-5979888705333483840,0,1,1,11,1,3,1,7
3804,3,7529173057018729817,0,1,1,11,3,4,2,9
3805,3,4828666312438790570,0,0,0,9,1,5,2,16
3806,3,-80641429679195379,0,1,1,9,3,4,2,11
3807,3,8458290724159055790,0,0,0,11,1,4,1,8
3808,3,-6377894548018020456,0,1,1,10,2,4,2,10
3809,3,2365113757919860397,0,0,0,10,3,4,1,12
3810,3,-6992139299353627861,0,0,0,13,1,6,2,16
3811,3,-3146952239531598496,0,2,2,10,1,4,2,10
3812,3,-2458844943864817983,0,0,0,9,3,5,2,16
3813,3,-1128801510125047415,0,0,0,9,3,4,2,10
3814,3,-8020034494541817996,0,0,0,12,3,6,2,14
3815,3,-7028133904811211414,0,0,0,8,5,3,1,7
3816,3,-992753902650348788,0,1,1,7,4,2,1,6
3817,3,-5506549142605150085,0,1,1,10,3,4,2,12
3818,3,-7938489593882500647,0,2,2,9,1,3,1,10
3819,3,6990264895619104598,0,1,1,12,5,5,2,16
3820,3,-4597359676678241854,0,2,2,11,1,5,2,17
3821,3,1900890347071235830,0,1,1,11,4,3,1,9
3822,3,-2222552960281395555,0,2,2,9,1,4,2,15
3823,3,1725569668585707296,0,0,0,11,4,4,1,9
3824,3,5124773445651112896,0,1,1,13,3,4,1,8
3825,3,4153618514530506784,0,0,0,10,2,5,2,14
3826,3,3871849464095359703,0,0,0,8,6,4,2,16
3827,3,-2175479399001841736,0,1,1,9,5,3,2,6
3828,3,-3711980406624814089,0,1,1,9,5,3,2,8
3829,3,5167971121836337493,0,0,0,12,1,5,1,15
3830,3,2409475561580655347,0,0,0,8,2,4,2,10
3831,3,2736867050776960388,0,0,0,10,2,6,2,20
3832,3,6756540623776712174,0,2,2,9,1,3,1,9
3833,3,-1163735958464955229,0,0,0,8,4,4,1,17
3834,3,8952764504282634545,0,1,1,13,3,5,2,11
3835,3,-8160462576978902821,0,1,1,11,1,3,1,8
3836,3,-9010496673539634114,0,2,2,10,2,4,1,14
3837,3,4542281617365494605,0,1,1,10,2,3,1,10
3838,3,-10349071631553499,0,1,1,10,2,3,1,8
3839,3,7820286281702682763,0,1,1,9,6,2,1,5
3840,3,-2187918505521170667,0,0,0,11,3,5,2,13
3841,3,7272246649584449609,0,0,0,8,4,3,1,11
3842,3,-3632607107090299595,0,0,0,11,2,5,1,14
3843,3,-7785725170193456045,0,1,1,11,1,4,2,9
3844,3,474385115120052916,0,1,1,9,7,2,1,4
3845,3,-8972837111445466430,0,0,0,10,1,5,1,19
3846,3,3646916579815302942,0,0,0,9,2,5,2,16
3847,3,-8300732293662371990,0,2,2,9,2,4,2,16
3848,3,-8493556577723943439,0,2,2,12,1,6,2,18
3849,3,-8029206804231772010,0,0,0,10,5,2,1,4
3850,3,-6847872989639830416,0,1,1,10,4,3,1,8
3851,3,-867970863658853641,0,0,0,9,4,5,2,16
3852,3,5320408550049616054,0,1,1,9,3,3,1,13
3853,3,-2538620267505760040,0,0,0,9,1,4,1,11
3854,3,9075975052306658829,0,0,0,8,2,5,2,20
3855,3,5098182852428132502,0,1,1,10,4,3,1,9
3856,3,-9207615521470272896,0,1,1,7,8,1,1,2
3857,3,3089641431793702479,0,0,0,8,6,3,1,11
3858,3,1787247256381149614,0,0,0,9,8,3,1,10
3859,3,-1543427922518879015,0,0,0,10,2,4,1,11
3860,3,1838517430382987488,0,1,1,9,5,3,2,8
3861,3,7213863126175074806,0,1,1,10,1,3,2,6
3862,3,-2973048306326597538,0,1,1,11,1,4,1,13
3863,3,2847694829515346373,0,0,0,9,6,4,2,9
3864,3,-4411894533325015554,0,2,2,11,4,5,2,13
3865,3,-2527316056525699718,0,0,0,12,2,7,2,20
3866,3,7195251971090093309,0,0,0,11,3,5,2,9
3867,3,-483334434817527471,0,1,1,10,4,3,1,9
3868,3,-2971158179524870383,0,0,0,8,8,4,2,12
3869,3,-3543656460637227585,0,1,1,9,6,3,2,10
3870,3,-9052734604872392002,0,0,0,10,1,5,1,15
3871,3,1006218960881649642,0,1,1,10,3,3,1,9
3872,3,8826164776676901608,0,1,1,11,1,4,1,10
3873,3,2574397574398788955,0,1,1,7,4,3,2,10
3874,3,-2001290289059261527,0,0,0,11,1,6,2,18
3875,3,437791572616515314,0,0,0,10,4,4,1,13
3876,3,-1064868915000700828,0,1,1,11,1,4,2,8
3877,3,-1170992585168281830,0,2,2,13,1,5,1,10
3878,3,6132910168755265306,0,0,0,10,1,4,1,9
3879,3,1020307825355755324,0,0,0,8,5,4,2,13
3880,3,7960909977024206075,0,2,2,10,4,4,2,13
3881,3,-116800529080254344,0,2,2,13,3,6,2,15
3882,3,6721377430591402048,0,2,2,10,1,3,1,7
3883,3,3879294932408638354,0,2,2,10,1,5,2,16
3884,3,8234299227686853431,0,2,2,12,3,4,1,9
3885,3,-6307724957435782102,0,0,0,10,2,3,1,5
3886,3,8059198631499205791,0,2,2,15,2,7,2,14
3887,3,9002186336097426224,0,1,1,12,4,4,2,8
3888,3,757398747650054453,0,2,2,11,2,3,1,3
3889,3,-4574542415323296619,0,2,2,11,1,5,2,15
3890,3,-6239426514371114354,0,1,1,10,4,4,2,10
3891,3,7732638109358826566,0,0,0,10,3,5,2,16
3892,3,3062689396807028519,0,1,1,9,6,2,1,7
3893,3,-4381450001756252587,0,0,0,8,2,4,1,15
3894,3,2172704579145766842,0,1,1,11,1,5,2,14
3895,3,3199002534995912313,0,0,0,9,1,4,1,14
3896,3,-6351437471401871918,0,0,0,8,1,4,2,10
3897,3,-6772937705519760712,0,0,0,10,6,4,2,11
3898,3,-5133709216332230751,0,1,1,7,6,2,1,6
3899,3,-7818126621128530590,0,1,1,8,6,3,2,10
3900,3,5926071182195162385,0,1,1,13,5,4,1,13
3901,3,7966457783321434689,0,1,1,12,3,4,1,8
3902,3,-5343797922203983336,0,1,1,9,2,3,1,6
3903,3,2487951233573241613,0,0,0,10,2,5,2,10
3904,3,706957531120720464,0,0,0,10,3,4,1,9
3905,3,-1950478476491020507,0,0,0,8,7,4,2,14
3906,3,-2756470578144343610,0,0,0,9,5,4,2,8
3907,3,2926100152366357116,0,1,1,9,4,3,2,9
3908,3,-5889323317935380719,0,0,0,9,3,3,1,8
3909,3,6053867085960783825,0,1,1,11,2,3,1,5
3910,3,-7434801583013358938,0,0,0,7,5,4,2,16
3911,3,5961487742106790434,0,1,1,9,7,3,2,8
3912,3,4528204824162520939,0,1,1,8,9,2,2,8
3913,3,-6138213071427270302,0,2,2,13,2,5,2,12
3914,3,-8316549701739401079,0,2,2,14,1,5,1,13
3915,3,-7746496580060180887,0,0,0,10,2,5,2,14
3916,3,-8526666077017386874,0,0,0,12,2,6,2,17
3917,3,-9069535276861128149,0,1,1,7,2,2,1,6
3918,3,-5014584673697307246,0,0,0,12,2,5,2,14
3919,3,2553648922679249964,0,2,2,8,2,3,2,7
3920,3,6295836108904580896,0,0,0,11,4,4,1,11
3921,3,-3305342528073464781,0,1,1,8,9,2,2,8
3922,3,7104594469664929976,0,1,1,10,5,3,1,8
3923,3,6605459028473342781,0,1,1,11,3,5,2,13
3924,3,1570911281004580363,0,0,0,12,4,6,2,12
3925,3,-6658355405601931340,0,1,1,8,6,3,2,12
3926,3,5259235120124132423,0,2,2,9,1,4,2,14
3927,3,-3984232309352734496,0,1,1,13,5,5,2,10
3928,3,-6685701332144116564,0,2,2,10,3,4,2,14
3929,3,8435131475424277917,0,2,2,9,1,5,2,20
3930,3,-6162668662361004961,0,1,1,8,5,3,2,6
3931,3,4162048308099910222,0,0,0,8,8,3,1,9
3932,3,103294894418580862,0,1,1,12,3,5,2,12
3933,3,4320877378676120081,0,1,1,7,2,2,1,8
3934,3,6707094167705841012,0,0,0,10,2,4,2,9
3935,3,-4838446930133551308,0,1,1,10,3,4,2,8
3936,3,7396696240343725197,0,2,2,10,6,5,2,18
3937,3,-2122330488511052058,0,1,1,11,1,3,1,6
3938,3,-1554549002274106676,0,1,1,12,4,3,1,9
3939,3,-7455439943188708303,0,0,0,9,2,5,2,16
3940,3,6341622254362365436,0,0,0,8,6,4,2,12
3941,3,-2073145438976672217,0,2,2,11,4,4,1,13
3942,3,-3544555330801478396,0,1,1,11,1,5,2,12
3943,3,-2299829714225691301,0,1,1,9,2,4,2,14
3944,3,4043438721561472127,0,1,1,9,1,3,2,8
3945,3,3067528357458754707,0,0,0,12,3,6,2,18
3946,3,7579345852390314124,0,0,0,11,3,4,1,13
3947,3,750623384057921723,0,2,2,12,1,5,2,15
3948,3,-429235904396451871,0,2,2,12,3,3,1,6
3949,3,-5107542660796621797,0,1,1,10,2,4,2,9
3950,3,-7872849016556346330,0,1,1,11,1,4,1,14
3951,3,587641369869007052,0,2,2,9,5,4,2,14
3952,3,8616398772039207808,0,2,2,12,5,5,1,17
3953,3,-7585589561894582680,0,1,1,10,4,4,2,10
3954,3,5111789328896845675,0,1,1,9,3,4,2,14
3955,3,-5654888879398926592,0,0,0,9,5,4,2,12
3956,3,4589055026460345548,0,0,0,7,2,3,1,10
3957,3,-8562921420327241902,0,0,0,9,3,4,2,12
3958,3,4548849016175391046,0,1,1,8,3,2,1,8
3959,3,651596439425025595,0,0,0,8,3,5,2,20
3960,3,-8033040831945178677,0,0,0,8,6,3,1,13
3961,3,-6336669438108184726,0,2,2,12,1,4,1,7
3962,3,-1790989757050311050,0,2,2,10,4,4,2,10
3963,3,-4884407777276261034,0,0,0,8,6,4,2,13
3964,3,-7609571452516313192,0,1,1,10,7,3,1,10
3965,3,6380625720139413105,0,0,0,9,6,4,2,12
3966,3,-7311772549138397168,0,0,0,12,3,6,2,14
3967,3,9196324181470673309,0,1,1,11,1,5,2,14
3968,3,-607334946091841312,0,2,2,11,3,4,2,7
3969,3,8297107946045378015,0,0,0,9,6,4,2,8
3970,3,-6037623686928999940,0,0,0,12,1,6,2,14
3971,3,6930010930504157522,0,0,0,6,8,3,2,14
3972,3,3082305150114243683,0,0,0,9,2,4,1,15
3973,3,6247128429280424797,0,0,0,9,1,3,1,6
3974,3,6113316116199766387,0,1,1,11,1,3,1,10
3975,3,-1773708576042121688,0,2,2,11,1,3,1,8
3976,3,1497725147356885881,0,1,1,12,2,6,2,16
3977,3,8319828516271838027,0,0,0,10,3,5,2,12
3978,3,5051406847592991623,0,0,0,8,5,4,2,10
3979,3,-218001042413011000,0,1,1,10,3,4,2,10
3980,3,-1186191315544655734,0,1,1,9,2,4,2,14
3981,3,7613139115830659899,0,1,1,10,3,4,2,8
3982,3,5454534100910730139,0,1,1,13,3,5,2,16
3983,3,-4314106870688262577,0,0,0,12,3,4,2,6
3984,3,-8391296009930343019,0,1,1,10,1,3,1,12
3985,3,3387659263437495412,0,0,0,10,1,5,2,12
3986,3,1499823741735920103,0,1,1,7,7,2,1,6
3987,3,5706728400446657742,0,2,2,12,2,4,1,7
3988,3,-7881759740475690326,0,0,0,12,3,6,2,16
3989,3,-3514986289148121488,0,1,1,10,2,4,2,13
3990,3,-339931218393044491,0,0,0,9,8,4,2,10
3991,3,-1677442248101585975,0,0,0,11,6,5,2,11
3992,3,-7988537895147250576,0,1,1,12,1,5,2,16
3993,3,4844385868677751134,0,1,1,11,1,4,1,11
3994,3,6899197214892214567,0,1,1,7,1,3,2,10
3995,3,-2519726739550037063,0,0,0,6,5,3,2,10
3996,3,3561244884040815264,0,1,1,9,3,4,2,11
3997,3,-8369623239397658464,0,1,1,7,7,1,1,2
3998,3,-251289702583601874,0,1,1,7,4,3,2,10
3999,3,2581317529655074698,0,0,0,9,2,3,1,10
4000,3,4821968183170256519,0,0,0,9,5,4,2,10
4001,3,-5468108195314948786,0,0,0,10,1,6,2,20
4002,3,7130850608751069844,0,0,0,8,6,4,2,12
4003,3,390384772010944285,0,2,2,10,1,4,1,12
4004,3,-2506397252449728120,0,0,0,10,4,5,2,14
4005,3,-6895049201194624846,0,1,1,8,7,2,1,6
4006,3,-5647773049938668748,0,1,1,10,5,3,1,8
4007,3,-2617962547407072825,0,2,2,9,2,4,2,13
4008,3,3255525860381240216,0,2,2,10,1,4,1,16
4009,3,-7589260834494789942,0,2,2,8,4,3,2,9
4010,3,8311161089618959548,0,1,1,11,3,4,1,9
4011,3,6534556263113251024,0,2,2,10,1,5,2,15
4012,3,4659494792683735489,0,0,0,9,6,4,2,10
4013,3,4549473467882909898,0,0,0,9,5,3,1,5
4014,3,-9069643738872635598,0,0,0,10,1,5,2,12
4015,3,7049855551300311542,0,0,0,11,1,5,1,17
4016,3,8330411314230637727,0,2,2,10,3,4,1,11
4017,3,8043048226429964183,0,1,1,9,5,4,2,12
4018,3,-4998731069114305684,0,1,1,12,4,5,2,12
4019,3,3582701915940942311,0,2,2,7,2,3,2,12
4020,3,-613263772631574810,0,0,0,10,2,5,2,12
4021,3,8848462822727259724,0,0,0,6,5,2,1,6
4022,3,5132475830207650198,0,0,0,11,1,5,1,14
4023,3,579912161214899914,0,1,1,9,4,2,1,5
4024,3,5505698770868954074,0,0,0,8,4,4,2,11
4025,3,-2357047999757712199,0,0,0,11,3,4,1,11
4026,3,5502495810746355632,0,0,0,9,6,4,2,10
4027,3,-8168397503197896009,0,0,0,12,1,6,2,14
4028,3,7587616745970980309,0,0,0,10,5,4,2,5
4029,3,2715206025751136735,0,0,0,8,2,4,2,10
4030,3,-3927831477943699442,0,0,0,7,7,4,2,18
4031,3,4537965854557994554,0,2,2,11,2,4,1,11
4032,3,-4679684681332310844,0,2,2,11,4,4,2,10
4033,3,8351820468499478133,0,0,0,8,6,2,1,6
4034,3,-7731863652970819626,0,0,0,9,6,4,2,12
4035,3,-2882834705074562348,0,1,1,9,1,4,2,14
4036,3,4073468940336258218,0,1,1,9,6,3,1,10
4037,3,-2535151999024185498,0,1,1,10,6,3,1,12
4038,3,8146999747003479429,0,2,2,13,2,4,1,6
4039,3,5193672660513951098,0,0,0,10,2,5,2,12
4040,3,-2903293810447148004,0,2,2,10,1,4,2,10
4041,3,-4969139868325883823,0,0,0,9,2,4,2,8
4042,3,7070944733743316843,0,1,1,10,2,4,2,7
4043,3,-471488710487631596,0,1,1,8,6,3,2,8
4044,3,-7598744543877578044,0,0,0,13,2,6,2,16
4045,3,8529606840452591112,0,0,0,14,1,7,2,16
4046,3,-8562484847477693910,0,1,1,9,2,4,2,12
4047,3,4858242472748808447,0,1,1,11,1,5,2,12
4048,3,-4595125254396999713,0,0,0,10,5,5,2,11
4049,3,-1486254383937165039,0,0,0,11,3,5,2,12
4050,3,798727097808922427,0,1,1,9,3,4,2,14
4051,3,-2372506112164775028,0,2,2,8,3,2,1,3
4052,3,999365047718572222,0,1,1,9,7,2,1,5
4053,3,5541596842447986728,0,2,2,10,1,4,1,14
4054,3,-5183737766888082583,0,1,1,8,4,2,1,2
4055,3,-6732682006990820225,0,0,0,11,5,5,2,11
4056,3,8061687911851818825,0,2,2,12,2,4,1,9
4057,3,-4632179686745484613,0,0,0,10,1,4,2,12
4058,3,8101662334035631443,0,1,1,8,6,3,2,8
4059,3,8213825613590679440,0,1,1,9,3,3,1,11
4060,3,-7814089542706843529,0,0,0,7,8,3,2,12
4061,3,2334610633431270252,0,0,0,9,2,3,1,8
4062,3,-8336712600406060050,0,2,2,8,3,4,2,15
4063,3,5289977174883920621,0,0,0,10,1,4,1,12
4064,3,-2116578001232606505,0,0,0,8,5,4,2,12
4065,3,6649430335273183891,0,0,0,11,3,4,1,9
4066,3,-2459609847571573503,0,2,2,8,1,3,2,8
4067,3,9201860255671542198,0,1,1,9,3,4,2,12
4068,3,-1100843387562361590,0,0,0,11,1,6,2,16
4069,3,-8787447925015414598,0,2,2,9,1,3,2,9
4070,3,4648795837850399656,0,1,1,11,2,5,2,13
4071,3,-1865411428738457984,0,0,0,9,2,3,1,9
4072,3,657252581769825350,0,1,1,10,2,4,2,12
4073,3,6286229706178947359,0,0,0,12,1,6,2,14
4074,3,661164278229708498,0,1,1,11,2,3,1,9
4075,3,3807460455658737107,0,0,0,8,5,4,2,14
4076,3,-3085345793007660331,0,2,2,9,4,4,2,12
4077,3,2292963974138078261,0,1,1,10,2,4,2,10
4078,3,1616982586562353091,0,1,1,9,2,4,2,14
4079,3,5256953616902006956,0,2,2,9,3,3,1,11
4080,3,-2141149463557910892,0,0,0,9,1,4,1,14
4081,3,4434464206255043107,0,2,2,7,4,3,2,10
4082,3,-5662077577751443309,0,0,0,7,2,4,2,16
4083,3,1473441295604977404,0,0,0,10,8,3,1,7
4084,3,2612775664338665333,0,0,0,9,7,4,2,12
4085,3,1496714143979027779,0,1,1,9,3,3,2,9
4086,3,-1552578819669153108,0,1,1,12,1,5,2,12
4087,3,-4229811942929403354,0,0,0,11,3,4,1,9
4088,3,8038880351590438397,0,1,1,10,3,4,2,12
4089,3,3241396444012815524,0,1,1,10,3,3,1,5
4090,3,-6989753623843025585,0,1,1,10,7,3,2,10
4091,3,-7725072487303475323,0,0,0,8,4,5,2,20
4092,3,5528321148568170950,0,1,1,8,3,2,1,6
4093,3,-8997367674208362871,0,1,1,9,4,2,1,6
4094,3,-2274656976207655920,0,0,0,6,9,3,2,10
4095,3,-1981131043092464924,0,1,1,11,2,4,2,10
4096,3,8415911152649727998,0,2,2,10,1,5,2,17
4097,3,6670066791749954280,0,0,0,11,1,6,2,18
4098,3,401132406663447894,0,1,1,12,1,4,1,9
4099,3,-3842351961579849468,0,1,1,7,7,1,1,2
4100,3,-4838409390898509337,0,0,0,10,8,3,1,7
4101,3,-1931954644674931220,0,0,0,10,3,6,2,20
4102,3,5406380933868462300,0,1,1,11,5,3,1,8
4103,3,-872752245282854375,0,1,1,8,1,3,2,12
4104,3,3801211830127035221,0,1,1,8,4,3,2,6
4105,3,-6045890390298867084,0,0,0,10,3,5,2,14
4106,3,-8580987729732770253,0,1,1,9,7,2,1,4
4107,3,-3727283577819331507,0,1,1,11,2,4,2,8
4108,3,-4346133261772297933,0,0,0,10,2,4,1,12
4109,3,-6784018263452830574,0,2,2,10,4,3,1,11
4110,3,3338155128952709950,0,0,0,13,5,6,2,14
4111,3,3939987267555663420,0,1,1,9,5,3,2,8
4112,3,-7256478610602909698,0,2,2,8,4,2,1,7
4113,3,-7777040839149620212,0,0,0,11,1,5,1,17
4114,3,7326430774005490356,0,0,0,9,5,4,1,13
4115,3,-5441754594454713993,0,0,0,7,5,3,1,10
4116,3,8095195391948374600,0,1,1,7,3,3,2,10
4117,3,4762431432559042270,0,1,1,8,5,3,2,10
4118,3,-79561439215045983,0,0,0,10,1,5,2,16
4119,3,-4250476123095433983,0,2,2,11,5,5,2,15
4120,3,-8778058767970349258,0,2,2,10,3,4,2,12
4121,3,1067840081485124533,0,1,1,9,8,2,1,5
4122,3,9147614006537763557,0,1,1,13,2,4,1,8
4123,3,8054716387796324309,0,0,0,8,2,4,2,12
4124,3,4651709315768461571,0,1,1,11,2,4,2,8
4125,3,292458060797582454,0,1,1,10,1,4,2,10
4126,3,9096163759399461811,0,2,2,13,1,6,2,16
4127,3,6984444143369995101,0,0,0,9,1,4,1,14
4128,3,2125621035636482939,0,0,0,8,1,3,1,7
4129,3,6045969191341465781,0,1,1,11,3,4,1,14
4130,3,5895819937956482068,0,0,0,10,5,4,2,7
4131,3,-4926593111466631684,0,0,0,12,1,4,1,9
4132,3,-5815781840166788480,0,1,1,9,2,4,2,12
4133,3,-4250637870161483714,0,0,0,10,2,5,2,12
4134,3,-3055340225468379038,0,0,0,12,2,3,1,9
4135,3,-3863883069571525242,0,2,2,8,5,2,1,9
4136,3,7838036578512849033,0,2,2,9,1,4,2,12
4137,3,9137432219398761872,0,2,2,10,1,4,2,10
4138,3,1135613195312324813,0,1,1,10,1,4,2,13
4139,3,96770685582019011,0,2,2,9,5,2,1,4
4140,3,-825966571826989794,0,0,0,9,4,3,1,8
4141,3,8862552695643390045,0,2,2,9,2,3,1,11
4142,3,5780890831942854617,0,0,0,11,2,6,2,16
4143,3,6575759339915611888,0,2,2,12,2,4,1,9
4144,3,-5931632248189988003,0,0,0,8,7,4,2,14
4145,3,8780884954983430156,0,1,1,7,8,2,1,6
4146,3,6983166465213530334,0,0,0,10,1,3,1,7
4147,3,-755388187835660227,0,1,1,10,4,3,1,7
4148,3,-8702132540832860040,0,1,1,12,3,5,2,16
4149,3,-5239695247566358985,0,0,0,9,1,5,2,16
4150,3,6193367285353594503,0,1,1,10,7,3,1,6
4151,3,-832099687667035569,0,1,1,12,1,4,2,6
4152,3,-762573322816089547,0,2,2,11,2,4,1,10
4153,3,-4146876950301542099,0,0,0,10,7,3,1,4
4154,3,-8122248205648772781,0,1,1,12,2,4,1,9
4155,3,2662735969250622912,0,0,0,7,4,3,1,12
4156,3,3626028556526953837,0,1,1,10,1,4,2,12
4157,3,-1541013801137275279,0,1,1,8,9,1,1,3
4158,3,-8704222282021216744,0,0,0,8,2,4,2,14
4159,3,-8870255245371041382,0,1,1,10,4,4,2,12
4160,3,3869831413738609805,0,0,0,8,2,5,2,20
4161,3,-324237694215850695,0,1,1,7,6,3,2,12
4162,3,2004152105818395771,0,2,2,8,3,3,2,11
4163,3,-2874986896488624672,0,1,1,11,2,4,2,6
4164,3,-3606222402162448872,0,0,0,10,1,3,1,7
4165,3,7215517131667439856,0,1,1,12,4,5,2,15
4166,3,1975593423814169976,0,2,2,9,6,4,2,11
4167,3,-5500505350647413242,0,0,0,11,6,5,2,10
4168,3,-4435359358936915166,0,1,1,9,3,3,2,8
4169,3,1383028687790115764,0,1,1,9,5,4,2,12
4170,3,-118865094285092384,0,1,1,8,5,3,2,7
4171,3,-718998528050697357,0,0,0,9,1,5,2,18
4172,3,-1308654730665024042,0,2,2,12,2,3,1,6
4173,3,4912434339750701272,0,0,0,9,4,4,1,13
4174,3,-2104488476903503658,0,0,0,11,4,4,1,6
4175,3,8504876297073979398,0,0,0,11,1,5,1,15
4176,3,-3673971478035595278,0,2,2,12,1,4,1,7
4177,3,-2235055019415222428,0,0,0,10,2,6,2,20
4178,3,1260483962464693842,0,1,1,9,5,3,1,11
4179,3,-3469120207257589618,0,0,0,8,1,3,1,7
4180,3,1565383043976503622,0,1,1,9,7,3,1,11
4181,3,-2613143134542334832,0,2,2,7,3,4,2,20
4182,3,-8322620942375927394,0,2,2,9,4,3,1,11
4183,3,-7306584106822568111,0,0,0,9,2,5,2,16
4184,3,-8778782352127752647,0,1,1,8,3,2,1,6
4185,3,5249797063251750477,0,0,0,10,2,4,1,9
4186,3,7734870588002335707,0,0,0,11,4,6,2,16
4187,3,-157022477532641658,0,0,0,9,4,4,1,16
4188,3,4973510445667415620,0,1,1,8,3,3,2,8
4189,3,3587263541261813180,0,0,0,10,2,4,1,11
4190,3,1312954764912983677,0,0,0,8,1,4,2,12
4191,3,-7894635549645958437,0,1,1,11,3,3,1,4
4192,3,-2907520895680884108,0,2,2,10,3,4,2,8
4193,3,1215633714692805044,0,2,2,7,1,4,2,20
4194,3,-6618960804125914677,0,0,0,12,2,5,2,14
4195,3,-5280978050223946257,0,0,0,10,1,5,2,18
4196,3,-1543991021993413652,0,1,1,11,2,4,2,6
4197,3,-6393064837404348096,0,0,0,12,4,4,1,10
4198,3,7646849987718284128,0,0,0,10,6,5,2,12
4199,3,86048695966916825,0,0,0,10,2,5,2,15
4200,3,-1847139367645554079,0,1,1,11,2,3,1,7
4201,3,7346424551034396191,0,0,0,6,5,2,1,8
4202,3,5462282848195693741,0,0,0,10,5,4,2,9
4203,3,5399020175411836575,0,1,1,9,3,2,1,6
4204,3,-7958207858461447524,0,2,2,9,2,3,1,11
4205,3,-937726819900879037,0,0,0,13,1,7,2,18
4206,3,-2291788449170101900,0,1,1,12,1,5,2,10
4207,3,-2503661939088165184,0,1,1,7,3,2,1,6
4208,3,-3584175994751091460,0,0,0,9,3,4,2,12
4209,3,7851352702108052306,0,0,0,10,1,5,2,14
4210,3,1104012985809548878,0,1,1,9,4,3,2,11
4211,3,-6052709703161821269,0,2,2,10,2,4,2,11
4212,3,-2843461695355323407,0,0,0,12,3,6,2,14
4213,3,-1293405992712533208,0,2,2,12,3,5,2,14
4214,3,-5188045181757198553,0,0,0,11,6,4,1,11
4215,3,2949049515221758278,0,0,0,11,2,5,1,13
4216,3,5245545008192082562,0,2,2,8,3,4,2,15
4217,3,8719959346320788563,0,1,1,10,5,4,2,9
4218,3,5698605285302224317,0,1,1,9,4,2,1,3
4219,3,3002372647758993256,0,0,0,10,1,5,2,14
4220,3,-8960232361520305464,0,2,2,12,2,5,2,15
4221,3,-1561576418465385578,0,2,2,10,1,4,2,9
4222,3,-591214720038582236,0,0,0,10,3,5,2,14
4223,3,-8242458111579093922,0,1,1,12,2,5,2,11
4224,3,3393756178168216689,0,1,1,9,3,3,1,8
4225,3,-4604779041568153754,0,2,2,10,6,5,2,15
4226,3,2815768729719576388,0,0,0,10,1,4,1,13
4227,3,-3645453565643226262,0,0,0,9,6,5,2,18
4228,3,-4976949246936470722,0,1,1,11,1,5,2,14
4229,3,-8394760245756851600,0,0,0,10,5,4,2,12
4230,3,9082605857984507225,0,1,1,13,1,6,2,13
4231,3,7063039475521702719,0,0,0,10,1,3,1,7
4232,3,627907005252728197,0,1,1,7,6,2,2,4
4233,3,-6419816116782342639,0,0,0,11,5,4,1,9
4234,3,3024039470649930867,0,2,2,12,4,6,2,18
4235,3,-175504626849400697,0,0,0,9,6,3,1,10
4236,3,-4195147029254999377,0,1,1,9,4,2,1,6
4237,3,6624130113606014172,0,0,0,8,3,4,1,17
4238,3,-4442311940050621196,0,0,0,10,3,5,2,12
4239,3,-1991084781228910499,0,2,2,7,2,3,2,10
4240,3,1732220863357018555,0,0,0,9,2,5,2,16
4241,3,-216390776967123688,0,0,0,9,5,4,2,10
4242,3,5770923765392745492,0,2,2,12,1,5,1,15
4243,3,5830219591043400403,0,1,1,12,3,4,2,10
4244,3,-3128473411274668103,0,2,2,13,1,5,2,7
4245,3,-7616082863908492480,0,1,1,10,4,3,1,3
4246,3,-2109167731581601184,0,0,0,8,5,3,1,11
4247,3,-5646993507710565011,0,1,1,8,5,2,1,6
4248,3,-7683692749637493167,0,0,0,9,4,4,1,13
4249,3,-4456375304453395327,0,0,0,9,4,3,1,8
4250,3,-2643985694421468617,0,1,1,10,1,4,2,12
4251,3,-4915307475916890715,0,1,1,11,1,4,2,13
4252,3,-6236440690190872006,0,0,0,11,3,4,1,10
4253,3,-2518736633932658369,0,1,1,8,5,3,2,8
4254,3,-2426661710139523508,0,1,1,14,2,5,2,12
4255,3,-4411130943459425435,0,1,1,14,2,5,2,11
4256,3,690697547758424514,0,0,0,11,2,4,1,9
4257,3,5625649148450015120,0,2,2,10,3,4,2,12
4258,3,3515881435017537575,0,0,0,11,3,4,2,6
4259,3,9203333948658205583,0,0,0,11,5,5,2,11
4260,3,3539266495672576845,0,0,0,7,1,3,1,13
4261,3,-2849689226121273921,0,0,0,12,3,5,2,6
4262,3,2195800659685435044,0,1,1,11,5,3,1,7
4263,3,8722973546042698361,0,0,0,9,5,3,1,12
4264,3,-467546319241298994,0,1,1,11,2,5,2,12
4265,3,-918155251723057974,0,0,0,12,4,7,2,20
4266,3,-1609701758271468430,0,2,2,9,3,3,1,11
4267,3,-8748872770848915863,0,1,1,9,5,3,1,11
4268,3,6698639754961907023,0,0,0,11,2,5,2,10
4269,3,-817564189851411739,0,0,0,11,3,4,2,8
4270,3,-5822822288927721836,0,2,2,11,1,6,2,20
4271,3,-9062996382303450594,0,2,2,6,1,3,2,15
4272,3,5971494914094040431,0,1,1,10,3,4,2,10
4273,3,8520104289530287605,0,1,1,11,6,4,2,11
4274,3,-7240121764014701852,0,1,1,9,1,3,1,12
4275,3,1314610732869924679,0,1,1,11,2,4,2,8
4276,3,-3516856215062264865,0,1,1,12,1,3,1,5
4277,3,-5166768877937539562,0,1,1,7,9,2,2,2
4278,3,-4032919837093669237,0,0,0,9,3,4,2,10
4279,3,-7068320496252978935,0,0,0,8,3,4,2,12
4280,3,5470211609485398244,0,1,1,9,6,2,1,6
4281,3,-1007960562824157162,0,0,0,7,9,3,2,8
4282,3,1867592174602302603,0,1,1,7,6,2,2,4
4283,3,-1603634653831854467,0,2,2,12,3,4,1,9
4284,3,3037545932081249240,0,0,0,9,4,5,2,16
4285,3,7855041906148100087,0,0,0,11,2,6,2,18
4286,3,-8766923298449284043,0,1,1,7,6,1,1,2
4287,3,-8296522965591431889,0,0,0,11,1,4,1,10
4288,3,-6436592861092623959,0,0,0,10,1,5,2,14
4289,3,198557912255427441,0,0,0,10,5,5,2,16
4290,3,3576685880604911539,0,2,2,10,1,4,2,8
4291,3,7854784845134807968,0,1,1,11,4,2,1,3
4292,3,1425037314451805017,0,0,0,10,2,4,1,11
4293,3,1342980643705109613,0,0,0,8,5,3,1,11
4294,3,-441177626365541761,0,0,0,9,2,5,2,18
4295,3,-5524800946824207419,0,1,1,7,7,2,2,4
4296,3,-8584562588893154180,0,0,0,10,4,4,1,11
4297,3,5752379505652730763,0,1,1,7,1,2,1,5
4298,3,2229207343542521834,0,2,2,7,5,3,2,10
4299,3,4037331708518421895,0,1,1,10,4,3,1,9
4300,3,4480215718418729405,0,2,2,10,1,4,2,9
4301,3,-3010159321745948003,0,0,0,11,3,5,2,10
4302,3,-1952052878889014890,0,1,1,8,4,3,2,10
4303,3,3988861705989570881,0,2,2,11,3,4,2,10
4304,3,6443568076629442393,0,2,2,10,3,3,2,9
4305,3,-3601245982382756054,0,0,0,9,5,4,2,12
4306,3,4586387679695298044,0,2,2,10,1,3,1,10
4307,3,4512043718238765637,0,1,1,7,6,2,2,8
4308,3,460144068085837730,0,1,1,7,6,2,1,6
4309,3,-8806236424307110676,0,1,1,9,7,3,2,6
4310,3,-3417117633688815896,0,1,1,9,2,2,1,5
4311,3,-6616633314416045737,0,1,1,11,1,5,2,17
4312,3,6101975761576235389,0,1,1,8,9,2,2,6
4313,3,5985472883440425042,0,0,0,10,1,4,1,7
4314,3,-4455031926818549769,0,2,2,10,4,5,2,15
4315,3,-8529972825716015312,0,0,0,7,6,2,1,3
4316,3,8807938588794484453,0,1,1,9,3,3,2,7
4317,3,-5056035356116799233,0,1,1,7,7,1,1,4
4318,3,6250423031522164000,0,2,2,13,2,5,2,6
4319,3,6597628199737507580,0,2,2,10,2,3,1,7
4320,3,-4020750290900935834,0,0,0,9,1,4,2,10
4321,3,6010999233121324105,0,1,1,11,4,3,1,4
4322,3,5935250580775076136,0,1,1,9,2,4,2,14
4323,3,-93622593690828579,0,1,1,9,6,3,2,8
4324,3,-3000551220315749726,0,0,0,13,2,5,2,10
4325,3,-5934071507644352581,0,0,0,11,3,4,2,10
4326,3,-4454353811552496596,0,0,0,11,1,5,1,14
4327,3,6789419422841281638,0,0,0,7,7,4,2,16
4328,3,2826031258244720336,0,1,1,11,1,3,1,7
4329,3,-2066218123166995565,0,0,0,8,5,2,1,4
4330,3,383455340223838747,0,1,1,9,3,2,1,4
4331,3,-2624365590918755552,0,1,1,9,2,3,1,12
4332,3,-3648912375927359688,0,1,1,7,6,2,2,6
4333,3,-45945804505125564,0,1,1,10,3,4,2,11
4334,3,7364469387682605370,0,1,1,9,3,2,1,6
4335,3,3762349036213138184,0,0,0,8,1,4,2,10
4336,3,7548787326965294776,0,0,0,6,9,3,2,10
4337,3,6061229844934885878,0,0,0,6,7,3,2,10
4338,3,362183391300878494,0,1,1,7,8,2,2,4
4339,3,-3613693231054241521,0,2,2,9,3,4,2,12
4340,3,2962049493889452610,0,1,1,11,4,4,1,13
4341,3,-3403465810651025151,0,2,2,9,3,4,2,11
4342,3,5664263769281171125,0,0,0,12,1,4,1,5
4343,3,-119115721564810343,0,1,1,11,1,5,2,14
4344,3,6944608726134048603,0,1,1,9,6,3,2,4
4345,3,489903380239783542,0,0,0,9,2,5,2,16
4346,3,-4832501040123091010,0,0,0,11,6,4,2,8
4347,3,-3439544451495987969,0,0,0,10,2,4,1,12
4348,3,-7554397900729773410,0,0,0,9,2,4,1,13
4349,3,137306501521212822,0,1,1,8,3,2,1,8
4350,3,2961058534919572556,0,0,0,10,5,4,1,9
4351,3,-458702235364923891,0,1,1,11,5,3,1,5
4352,3,181984637366451767,0,0,0,10,3,4,1,14
4353,3,5541092287339379544,0,0,0,12,7,3,1,5
4354,3,-8617173807229313081,0,0,0,11,3,5,2,12
4355,3,3932058481923602564,0,1,1,9,7,3,2,8
4356,3,-5665800569432221591,0,2,2,10,2,5,2,19
4357,3,9109748335872286951,0,1,1,7,7,1,1,4
4358,3,-8574108346635899158,0,1,1,11,3,3,1,8
4359,3,-163291754595665511,0,0,0,8,2,4,1,15
4360,3,-4207904325369161208,0,0,0,8,4,4,2,12
4361,3,8111595961983852066,0,1,1,9,2,3,1,6
4362,3,2599219117875791430,0,0,0,12,1,5,1,9
4363,3,-8012064673619039116,0,0,0,10,4,4,2,6
4364,3,-7812592159157934848,0,0,0,8,8,2,1,6
4365,3,-2976653498316227557,0,1,1,8,1,3,2,9
4366,3,-1835457483639465794,0,1,1,11,2,3,1,7
4367,3,-4653464319892482894,0,1,1,7,5,2,2,6
4368,3,-8027098560412609844,0,0,0,11,2,6,2,16
4369,3,4394224253260519321,0,0,0,10,3,4,1,12
4370,3,7134178559617005065,0,1,1,9,8,2,1,5
4371,3,5708094428263469284,0,0,0,11,2,5,2,16
4372,3,-8107610355923561729,0,0,0,12,2,5,1,14
4373,3,-7084198404736588907,0,2,2,10,2,4,1,14
4374,3,-419241763606441676,0,1,1,11,2,4,2,8
4375,3,-2301111068452715250,0,1,1,13,3,5,2,10
4376,3,-1699550984632968769,0,1,1,8,6,3,2,10
4377,3,-6921353768104805440,0,0,0,9,3,3,1,8
4378,3,-1663403910816229603,0,2,2,8,4,3,2,11
4379,3,5731492356003124520,0,0,0,8,8,2,1,6
4380,3,-3484179576617492923,0,1,1,9,5,3,2,3
4381,3,4946803922639390460,0,1,1,12,5,5,2,13
4382,3,6183837242958386425,0,2,2,9,3,4,2,10
4383,3,1379114281117347745,0,1,1,8,5,3,2,10
4384,3,5532817933329033566,0,0,0,9,8,3,1,5
4385,3,4456061149043698143,0,0,0,11,4,5,2,10
4386,3,-1577325876199756082,0,1,1,10,3,4,2,8
4387,3,-4831168023301101609,0,0,0,10,8,4,2,10
4388,3,-387316537729911827,0,2,2,8,5,3,2,7
4389,3,7890006790892374323,0,0,0,7,5,3,1,12
4390,3,6623821729615390202,0,0,0,9,4,4,1,10
4391,3,-2109884598350913377,0,1,1,9,6,3,2,5
4392,3,-728755645095684761,0,0,0,8,4,4,2,10
4393,3,1208434638465047673,0,1,1,12,1,3,1,6
4394,3,3633077535606435754,0,0,0,11,1,5,2,11
4395,3,-1481725254247283004,0,0,0,12,2,5,1,12
4396,3,2828606469691163221,0,1,1,8,4,3,2,13
4397,3,-1369519867475980191,0,2,2,8,3,3,2,10
4398,3,-695185721075410076,0,1,1,9,3,2,1,7
4399,3,-2592210977513874560,0,0,0,8,7,4,2,14
4400,3,7174188259594279637,0,1,1,8,8,3,2,8
4401,3,7783563581804263763,0,1,1,10,7,4,2,10
4402,3,-866044928689944194,0,1,1,9,5,3,2,4
4403,3,1707206826584461060,0,0,0,12,1,7,2,20
4404,3,-5542884522950178534,0,1,1,9,1,4,2,11
4405,3,-740595301133249047,0,0,0,7,5,3,2,8
4406,3,-5949517100860690012,0,2,2,9,1,4,2,12
4407,3,3239862398393232118,0,1,1,11,2,4,1,9
4408,3,8011097237281763304,0,0,0,11,6,6,2,18
4409,3,-234564541363674766,0,0,0,10,1,5,2,14
4410,3,2228713887001426262,0,1,1,12,2,5,1,14
4411,3,3788373159419071726,0,1,1,8,2,4,2,18
4412,3,-3754436669181695720,0,1,1,13,3,4,1,7
4413,3,2649917735046362737,0,1,1,10,6,4,2,11
4414,3,34713083092507239,0,0,0,11,2,6,2,16
4415,3,-311430840040673032,0,2,2,10,1,5,2,16
4416,3,-3377091946807192550,0,1,1,11,3,3,2,10
4417,3,-6848506116699930339,0,0,0,9,6,5,2,16
4418,3,4825396325275883903,0,1,1,8,4,3,1,11
4419,3,3388985955860597781,0,0,0,10,2,5,2,12
4420,3,-4792728766473866130,0,0,0,12,3,4,1,9
4421,3,7583659606646964703,0,0,0,9,4,4,2,14
4422,3,2355307518515301530,0,2,2,12,1,5,2,11
4423,3,82542103305696953,0,0,0,9,4,5,2,18
4424,3,5405923290565386282,0,0,0,11,3,4,1,10
4425,3,3296856876941385686,0,0,0,12,2,5,2,14
4426,3,4310843261357158791,0,1,1,7,4,3,2,10
4427,3,5877517426575746894,0,1,1,10,1,3,1,6
4428,3,6084221367566138999,0,1,1,10,2,3,2,6
4429,3,-38648547847124138,0,0,0,7,5,3,2,8
4430,3,8027296367596770411,0,1,1,10,2,4,2,8
4431,3,3440802625477033136,0,0,0,11,3,6,2,16
4432,3,-1772149093440858604,0,1,1,10,5,4,2,8
4433,3,9065822113626271844,0,0,0,10,1,5,2,10
4434,3,2999865192958346811,0,2,2,9,4,3,1,11
4435,3,-5749380192564471632,0,1,1,10,1,3,1,12
4436,3,-1792509352270550062,0,2,2,12,1,6,2,18
4437,3,-503162515106858692,0,0,0,9,3,5,2,18
4438,3,6976434017561617221,0,0,0,8,6,4,2,10
4439,3,7991317766581439121,0,1,1,9,5,2,1,5
4440,3,18338123607077141,0,1,1,8,6,2,1,8
4441,3,7002447499879358668,0,1,1,8,4,3,2,12
4442,3,8513280707470780840,0,0,0,8,6,3,1,6
4443,3,-4178257489644811890,0,2,2,9,1,4,2,11
4444,3,-3036632094365875622,0,1,1,7,4,3,2,14
4445,3,757805785592386870,0,1,1,9,5,3,1,10
4446,3,-6626950360880521257,0,1,1,10,3,4,2,8
4447,3,-5429391161927155886,0,1,1,8,4,3,1,13
4448,3,-215465999975189077,0,1,1,9,2,3,2,9
4449,3,5136008199042804306,0,0,0,10,1,5,2,16
4450,3,-1736608152057214182,0,2,2,14,1,6,2,17
4451,3,-5976923140118060418,0,1,1,9,3,4,2,15
4452,3,-7844747825525769940,0,0,0,11,2,6,2,16
4453,3,-7483774586449978327,0,2,2,12,2,6,2,16
4454,3,-5656080279621421556,0,0,0,8,5,4,2,14
4455,3,456766446875451686,0,1,1,7,5,3,2,13
4456,3,-482615755840192110,0,1,1,8,6,3,2,7
4457,3,-4883741825394450053,0,0,0,11,1,6,2,16
4458,3,304592522762962718,0,1,1,8,6,1,1,1
4459,3,-7353533141740430508,0,0,0,8,2,4,1,15
4460,3,-8860609531508979545,0,1,1,9,2,4,2,13
4461,3,4175550334904733242,0,1,1,8,1,3,2,13
4462,3,2371284980275570451,0,2,2,9,6,4,2,14
4463,3,2971543221725097348,0,1,1,7,5,2,2,6
4464,3,-4229762541496198200,0,0,0,11,4,4,1,11
4465,3,1325342459908523533,0,0,0,8,7,3,1,8
4466,3,4696634478988588930,0,0,0,12,3,5,2,10
4467,3,-8941711542453155033,0,0,0,11,1,5,1,15
4468,3,5821877375746538087,0,1,1,10,2,3,2,8
4469,3,3526218371838951118,0,1,1,8,4,3,2,10
4470,3,7447724826340710744,0,0,0,8,6,3,2,8
4471,3,881667997809076512,0,1,1,12,4,4,2,10
4472,3,-1102322606985804663,0,1,1,9,1,4,2,13
4473,3,-3369756854749998324,0,0,0,12,3,5,2,13
4474,3,-4011172473682001069,0,0,0,8,6,4,2,14
4475,3,2469867152145021001,0,0,0,11,5,4,1,11
4476,3,7023697610181425480,0,0,0,10,1,4,1,11
4477,3,-8798506651722619766,0,1,1,9,2,3,1,12
4478,3,-2374104381926381433,0,0,0,10,2,5,2,18
4479,3,3711680757141827567,0,2,2,12,1,4,1,8
4480,3,-3360003077428148910,0,2,2,12,1,6,2,18
4481,3,-4439837778791575874,0,0,0,8,4,4,2,12
4482,3,-3783232813208883491,0,2,2,10,3,4,2,12
4483,3,-6297727247213303726,0,0,0,7,9,2,1,9
4484,3,-4987256740453818008,0,1,1,11,4,5,2,12
4485,3,-3818657841030321837,0,1,1,11,1,3,1,4
4486,3,4128009488208672143,0,1,1,9,6,2,1,4
4487,3,-5819589073867651801,0,2,2,8,3,4,2,15
4488,3,-5288655701201043232,0,0,0,12,1,5,1,13
4489,3,-5331112289362109785,0,2,2,7,4,3,2,10
4490,3,-6031875108906112082,0,1,1,8,6,3,2,6
4491,3,-1569102273204801515,0,0,0,11,1,4,1,7
4492,3,7572030128459534372,0,1,1,9,2,4,2,14
4493,3,-5101626358848226738,0,2,2,9,1,4,1,15
4494,3,-4909544427309468004,0,1,1,11,4,4,2,7
4495,3,7371883830174442299,0,0,0,13,2,6,2,10
4496,3,-5039902670702935247,0,1,1,8,7,2,1,8
4497,3,6302942028152259469,0,0,0,10,1,5,2,12
4498,3,8620603271610017938,0,1,1,11,4,5,2,13
4499,3,-3575875178978786391,0,1,1,7,5,2,2,6
4500,3,2265487973181518873,0,0,0,11,3,5,2,11
4501,3,2472481083535677407,0,1,1,12,3,4,2,7
4502,3,-1520282148077844709,0,1,1,10,1,3,2,8
4503,3,-4752219499798541342,0,2,2,9,2,3,1,6
4504,3,-2357364194842046079,0,0,0,9,3,4,2,10
4505,3,-6113860432592891532,0,1,1,9,1,4,2,12
4506,3,8511267053007020439,0,2,2,8,2,4,2,17
4507,3,4452302986629695072,0,2,2,8,1,3,1,13
4508,3,-3103756756715987677,0,1,1,8,5,3,2,8
4509,3,-1083294045927529043,0,0,0,8,8,3,1,9
4510,3,-9222797788628879431,0,1,1,11,2,3,1,8
4511,3,-1729510898719762416,0,0,0,10,3,5,2,16
4512,3,8282904293887113806,0,0,0,9,7,4,2,12
4513,3,1058212521157744546,0,2,2,9,3,3,1,11
4514,3,-3296043615009361910,0,2,2,11,4,3,1,5
4515,3,-948546358985991470,0,1,1,9,2,2,1,5
4516,3,8213771690227321953,0,2,2,11,2,4,2,9
4517,3,3404568782455437980,0,1,1,11,2,5,2,14
4518,3,-3467268837247295900,0,2,2,9,6,3,1,11
4519,3,6819339969115883514,0,1,1,10,3,4,2,14
4520,3,-2691644880542046893,0,1,1,11,3,5,2,13
4521,3,-3146401059919149925,0,1,1,9,4,4,2,14
4522,3,-7662634911702574473,0,0,0,7,6,3,2,8
4523,3,-3085910328393207086,0,1,1,10,4,3,2,8
4524,3,-2379229398981475282,0,1,1,8,6,2,1,4
4525,3,5558245068308607184,0,2,2,12,3,4,1,11
4526,3,-52076772849572281,0,1,1,9,3,3,2,6
4527,3,6498946502024581910,0,1,1,11,1,4,2,12
4528,3,5072220397659612047,0,0,0,11,2,6,2,16
4529,3,-3264158940970700252,0,1,1,10,1,3,2,6
4530,3,9082933860291830956,0,1,1,9,4,4,2,11
4531,3,-3898082470769877130,0,0,0,9,3,5,2,16
4532,3,348798647986526248,0,1,1,11,4,2,1,4
4533,3,2284227899486696880,0,1,1,8,6,3,2,12
4534,3,-6314621120096591920,0,0,0,11,4,4,2,10
4535,3,5073985503318865943,0,1,1,9,1,4,2,15
4536,3,-812062288468689089,0,1,1,11,1,4,2,13
4537,3,-9102940175959165629,0,1,1,7,8,2,2,10
4538,3,7726185912758968245,0,1,1,9,5,4,2,11
4539,3,2395712545643389202,0,2,2,7,4,3,2,10
4540,3,-8005881501692068564,0,1,1,8,5,3,2,9
4541,3,5913179642671438304,0,0,0,7,8,4,2,16
4542,3,-3350809073696468819,0,1,1,11,3,4,2,10
4543,3,-9049610937736835852,0,0,0,9,1,5,2,18
4544,3,-396300524558398497,0,0,0,9,3,4,2,12
4545,3,9053652897051946556,0,1,1,11,2,4,1,9
4546,3,7411003383445174752,0,1,1,8,3,2,1,6
4547,3,774462292696364861,0,0,0,8,5,4,2,12
4548,3,-8299188628105946793,0,1,1,9,4,3,2,10
4549,3,4692825513027821892,0,1,1,12,1,4,1,8
4550,3,6221191845757453257,0,1,1,9,7,3,1,8
4551,3,-904464956917379359,0,1,1,11,2,5,2,10
4552,3,-4667397705400437204,0,0,0,9,1,5,2,16
4553,3,-8501737476472432491,0,1,1,9,4,2,1,4
4554,3,-8704293333181935943,0,0,0,7,5,2,1,3
4555,3,-5118024160955125558,0,1,1,9,3,2,1,7
4556,3,1999459015133467654,0,1,1,11,1,4,1,10
4557,3,8868380327192204035,0,1,1,7,8,2,2,4
4558,3,2622989075152312659,0,0,0,10,4,4,1,10
4559,3,3733107449745355347,0,0,0,8,2,3,1,13
4560,3,-6977702338126883805,0,0,0,8,6,4,2,12
4561,3,7776717398355172115,0,0,0,10,2,5,2,16
4562,3,3297991829635692302,0,1,1,7,1,3,2,12
4563,3,2143169727174163406,0,0,0,8,8,3,2,6
4564,3,-1336070968624306731,0,1,1,11,1,3,1,6
4565,3,6602036647741917568,0,0,0,8,6,4,2,13
4566,3,-1441683131092937033,0,0,0,10,2,4,1,13
4567,3,7396026370365010688,0,0,0,11,2,5,2,12
4568,3,7204153421872198914,0,0,0,8,4,5,2,20
4569,3,3911276981238126521,0,1,1,8,4,2,1,6
4570,3,7113983966600861932,0,0,0,11,1,6,2,16
4571,3,7484392152801998240,0,0,0,9,1,4,1,15
4572,3,4093044804332087458,0,0,0,9,3,5,2,16
4573,3,9082865801249751649,0,1,1,10,1,3,1,9
4574,3,2774710799416194721,0,2,2,9,2,3,1,11
4575,3,-443741310103428133,0,0,0,14,4,6,2,7
4576,3,-8858937957177708219,0,0,0,9,3,4,2,12
4577,3,-2302864098459747378,0,0,0,10,1,4,2,12
4578,3,5645554163729479583,0,0,0,11,4,6,2,18
4579,3,-6095703014450709805,0,2,2,8,4,2,1,7
4580,3,5634446138658105227,0,1,1,10,5,4,2,12
4581,3,-144712013684674932,0,0,0,10,5,5,2,18
4582,3,-7843874181636278016,0,1,1,7,8,2,2,8
4583,3,-2382415358001332453,0,2,2,11,1,4,2,7
4584,3,6952622952787622569,0,1,1,10,6,4,2,9
4585,3,4450609294186581975,0,0,0,11,3,4,1,11
4586,3,1244529907876676533,0,2,2,10,2,4,1,13
4587,3,6732769016723224381,0,0,0,10,4,5,2,14
4588,3,1388466876889247466,0,1,1,8,5,2,1,8
4589,3,-4612420989446045148,0,1,1,8,4,3,2,8
4590,3,-8430195069444410624,0,0,0,10,5,4,1,12
4591,3,287455914334795316,0,0,0,10,2,6,2,20
4592,3,-2475835405443683284,0,0,0,9,1,3,1,4
4593,3,-5229969747665320040,0,2,2,11,3,3,1,7
4594,3,8983413375209761530,0,2,2,12,2,5,2,12
4595,3,-8333841491632212494,0,0,0,11,3,5,1,14
4596,3,-527060152939013025,0,0,0,12,4,4,1,9
4597,3,4238453760223233167,0,0,0,9,2,4,1,14
4598,3,-3632490047325298930,0,0,0,11,5,5,2,13
4599,3,1550416259789685211,0,2,2,10,1,4,2,14
4600,3,3057283512066988554,0,2,2,10,3,4,2,14
4601,3,6014635620123398679,0,1,1,9,4,3,2,11
4602,3,7732514822930524284,0,0,0,12,3,4,1,8
4603,3,-171003034036244152,0,1,1,12,2,4,1,8
4604,3,4255710372893798086,0,2,2,11,1,4,1,9
4605,3,8832845697821761650,0,1,1,9,1,3,1,10
4606,3,-6438253962714600233,0,0,0,10,3,4,1,13
4607,3,-3283687363360984570,0,2,2,10,4,3,1,8
4608,3,-8922446610459057728,0,1,1,10,6,3,1,6
4609,3,-1137175606061192808,0,1,1,8,6,2,1,10
4610,3,-4863744750989781881,0,1,1,11,1,3,1,5
4611,3,-7335009712852933932,0,0,0,10,3,4,2,11
4612,3,-9220162485069048261,0,0,0,8,5,3,1,7
4613,3,6235967355422700466,0,0,0,9,3,5,2,18
4614,3,-8178839820170505912,0,0,0,11,1,5,2,12
4615,3,8861931383248862696,0,0,0,13,5,5,2,10
4616,3,4406500827000158732,0,0,0,10,1,4,1,6
4617,3,-4293193293689134176,0,1,1,8,4,2,1,8
4618,3,3598429392873223337,0,1,1,9,2,2,1,4
4619,3,-3295214377242061973,0,0,0,9,1,4,2,10
4620,3,2345356583275971612,0,2,2,11,1,5,2,12
4621,3,1352470285754015604,0,1,1,7,6,2,1,8
4622,3,-6512276031972993394,0,1,1,9,3,4,2,14
4623,3,2575683207392056312,0,1,1,8,4,3,2,10
4624,3,8051057563013022442,0,0,0,10,2,4,2,10
4625,3,-9212064823978835723,0,0,0,8,3,4,1,15
4626,3,-5661861691009201233,0,0,0,9,2,4,1,11
4627,3,-2189367002443683039,0,1,1,9,3,3,1,9
4628,3,-5685671474415486201,0,1,1,11,2,4,2,12
4629,3,-1836838547979462627,0,1,1,11,3,4,1,11
4630,3,-5996050385928950761,0,2,2,10,3,4,2,14
4631,3,-751495389661419030,0,0,0,9,8,3,1,6
4632,3,1167005446393288087,0,1,1,7,3,3,2,10
4633,3,-6414332035133456996,0,1,1,9,5,3,2,11
4634,3,-6088355414583694939,0,1,1,10,5,4,2,8
4635,3,2127416507218100556,0,2,2,11,3,4,1,14
4636,3,-7398464362921795882,0,0,0,9,5,3,1,6
4637,3,2329931016919151954,0,1,1,8,2,3,2,8
4638,3,6516353780570977934,0,0,0,8,3,4,2,14
4639,3,-6657189536538850124,0,1,1,8,3,3,2,11
4640,3,5633924726786610321,0,1,1,7,6,1,1,2
4641,3,-264267487050768168,0,2,2,9,1,2,1,4
4642,3,-6343138096139928615,0,1,1,10,2,3,2,8
4643,3,-5395058413673714559,0,0,0,9,4,3,1,5
4644,3,-3773263708711598935,0,0,0,10,2,4,1,13
4645,3,-2228999869242867208,0,1,1,8,6,3,2,10
4646,3,3352605400110948322,0,1,1,8,1,3,2,11
4647,3,-6893962624959483767,0,0,0,10,2,5,2,12
4648,3,8559444061959142292,0,2,2,10,2,4,1,12
4649,3,1959394239877319985,0,1,1,10,1,4,2,10
4650,3,4125848018672917719,0,0,0,8,2,3,1,11
4651,3,-8263347643581263212,0,1,1,12,1,4,1,12
4652,3,-1299974607735586084,0,0,0,11,1,5,1,15
4653,3,-6452507939789960140,0,1,1,9,1,3,2,10
4654,3,2722872952959674174,0,1,1,7,6,2,2,2
4655,3,-2701830490691747616,0,0,0,8,5,4,2,12
4656,3,-4017491149832278115,0,0,0,10,1,5,2,15
4657,3,-7923276058726117271,0,1,1,8,6,3,2,6
4658,3,-2900430191481985939,0,0,0,8,6,3,1,9
4659,3,2390013642129012891,0,0,0,9,1,4,1,15
4660,3,-8885301023018876661,0,0,0,9,6,2,1,5
4661,3,2206342832899306859,0,2,2,8,3,3,2,7
4662,3,-1348005360414363375,0,2,2,8,2,4,2,15
4663,3,815485447340634220,0,1,1,8,4,3,2,7
4664,3,-1703858248763240726,0,1,1,11,6,3,1,10
4665,3,2022163796178514824,0,0,0,8,1,4,2,10
4666,3,7346472945300912040,0,2,2,9,3,5,2,20
4667,3,-8083360519729769749,0,0,0,12,4,6,2,14
4668,3,-1098851606204233708,0,1,1,12,3,4,1,6
4669,3,-196305447095418302,0,2,2,10,3,4,2,10
4670,3,8609847116114777862,0,1,1,10,1,3,1,7
4671,3,-2422757585120229083,0,0,0,10,1,5,2,12
4672,3,-1265121251593338633,0,2,2,10,3,4,2,12
4673,3,-3415294801574819120,0,2,2,11,2,3,1,7
4674,3,6815288322813090004,0,1,1,10,6,3,2,6
4675,3,4682167959708472601,0,2,2,10,4,3,1,8
4676,3,5892810459571474964,0,1,1,12,1,4,2,6
4677,3,-3768423362378110306,0,1,1,10,1,4,2,13
4678,3,1410140407911462924,0,0,0,11,2,5,2,11
4679,3,8993932262399278141,0,2,2,9,5,3,1,12
4680,3,3605608230851413633,0,2,2,10,3,4,2,9
4681,3,7055743710534190536,0,1,1,10,1,3,2,9
4682,3,-1332323374808942721,0,2,2,11,1,5,2,15
4683,3,-3974985951113592327,0,0,0,12,2,6,2,18
4684,3,-7098232332129019288,0,1,1,7,6,2,2,8
4685,3,-1405770957033166429,0,1,1,7,5,3,2,12
4686,3,7515130872325867599,0,0,0,8,2,4,2,10
4687,3,4926733097760748074,0,1,1,7,9,1,1,4
4688,3,5703159924720912774,0,1,1,12,1,4,1,12
4689,3,-4311096994697003211,0,1,1,7,2,3,2,12
4690,3,8404747231618842741,0,0,0,10,7,4,2,10
4691,3,-824025839350563935,0,2,2,9,4,2,1,4
4692,3,9018629188278398381,0,2,2,9,5,3,1,9
4693,3,5480244804990864824,0,0,0,9,2,4,1,15
4694,3,-927588941024157380,0,1,1,7,5,3,2,14
4695,3,-5512164119009699166,0,0,0,10,1,5,2,14
4696,3,1238790563276811586,0,0,0,8,8,4,2,11
4697,3,-3047782187493389029,0,0,0,12,3,6,2,13
4698,3,4441311348562210244,0,0,0,8,7,3,1,7
4699,3,2903745421731713894,0,0,0,7,4,3,1,10
4700,3,-4451175394396931649,0,0,0,11,2,5,2,12
4701,3,8567698693762975872,0,1,1,9,3,2,1,3
4702,3,-1381406972585373312,0,1,1,9,5,2,1,5
4703,3,-3206054661257855847,0,0,0,9,4,5,2,18
4704,3,3860470038209306162,0,0,0,13,5,5,2,13
4705,3,-2193148424064118593,0,2,2,10,2,4,2,12
4706,3,6454343825536276152,0,1,1,10,1,3,1,9
4707,3,8621008729220995548,0,0,0,9,2,4,2,12
4708,3,-9000411917932192323,0,2,2,13,3,4,2,5
4709,3,1057858812745268962,0,0,0,10,2,4,1,12
4710,3,-5447328137169277688,0,2,2,14,1,5,1,11
4711,3,-6221434194409798076,0,0,0,8,3,3,1,8
4712,3,3955558051421463060,0,0,0,9,2,5,2,18
4713,3,1535646357619967655,0,2,2,12,5,4,2,12
4714,3,-1192228144982294561,0,2,2,11,1,3,1,5
4715,3,2427647949303770841,0,0,0,7,5,3,2,10
4716,3,3531279066719287810,0,1,1,11,1,4,2,6
4717,3,-2955236072327489278,0,0,0,9,5,5,2,18
4718,3,2410049515616378113,0,1,1,11,1,4,1,9
4719,3,8673856976662502680,0,0,0,6,9,2,1,8
4720,3,-7941156326897965084,0,0,0,9,1,5,2,16
4721,3,4833469902836192920,0,0,0,11,3,4,1,13
4722,3,8837157527427361542,0,1,1,11,4,5,2,14
4723,3,6454477319823053170,0,0,0,8,5,4,2,12
4724,3,4043248592904208428,0,0,0,7,9,3,2,8
4725,3,-3247340730168094140,0,2,2,9,1,4,2,14
4726,3,6837330329834696665,0,1,1,8,1,3,2,10
4727,3,-2784071305759347253,0,0,0,6,5,2,1,6
4728,3,3779909898735359967,0,0,0,10,4,5,2,15
4729,3,-8582108014560189547,0,1,1,9,1,3,1,11
4730,3,-5033491638767130823,0,1,1,9,6,2,1,5
4731,3,-8899090629261611013,0,0,0,13,4,5,2,10
4732,3,-385944036584766696,0,2,2,10,2,3,1,9
4733,3,3205665927993805134,0,1,1,12,2,5,2,13
4734,3,3395031883687405883,0,0,0,9,5,4,2,8
4735,3,-444363213489423280,0,2,2,9,4,3,1,10
4736,3,701518439758848899,0,2,2,8,4,4,2,15
4737,3,-5309823863897711642,0,0,0,11,2,4,1,7
4738,3,5897875397100380358,0,1,1,9,2,4,2,10
4739,3,6220748316082337802,0,1,1,11,4,2,1,3
4740,3,4053574319023343330,0,0,0,10,2,4,1,14
4741,3,-2408439671966216186,0,0,0,11,1,6,2,18
4742,3,-5007840973072412139,0,1,1,10,3,4,1,14
4743,3,-9102295770110692386,0,0,0,8,3,4,2,14
4744,3,-3391793488890800756,0,1,1,9,5,3,1,10
4745,3,-8559646303804978931,0,2,2,8,1,4,2,15
4746,3,6814927858659488057,0,1,1,7,2,2,1,5
4747,3,8478264000263005812,0,1,1,11,6,4,1,14
4748,3,3637370423494856937,0,2,2,11,3,4,1,13
4749,3,6554155306381491087,0,2,2,10,3,5,2,17
4750,3,5282460066691057813,0,0,0,11,2,4,1,12
4751,3,-1245933930050930967,0,0,0,8,3,4,2,14
4752,3,-5534253996534734345,0,1,1,10,5,3,2,7
4753,3,1944387450237788114,0,0,0,9,5,4,2,12
4754,3,9085232658313899872,0,1,1,8,2,2,1,6
4755,3,-8040223667646556338,0,0,0,8,2,3,1,11
4756,3,2258686240335689672,0,2,2,9,6,2,1,4
4757,3,-6567909653684784049,0,0,0,12,6,4,2,10
4758,3,-8503570892007567322,0,2,2,11,1,5,2,10
4759,3,7844610650369322791,0,0,0,9,3,5,2,16
4760,3,5160076153970324994,0,0,0,10,2,5,2,12
4761,3,1649867159560130615,0,0,0,10,1,5,2,16
4762,3,859520256996081479,0,2,2,11,4,3,1,7
4763,3,719997728832280044,0,0,0,14,2,5,1,11
4764,3,-4962637289850883235,0,0,0,11,6,5,2,14
4765,3,-7396944363526961684,0,0,0,11,2,5,1,17
4766,3,4963406687954788727,0,1,1,9,2,3,1,12
4767,3,8393658885454552459,0,1,1,8,7,3,2,8
4768,3,-659106704868161495,0,0,0,8,1,4,2,12
4769,3,-7871871772422531709,0,2,2,9,1,3,1,9
4770,3,-7765356273205108164,0,1,1,7,3,2,1,6
4771,3,-6064307102545187612,0,0,0,8,3,4,2,14
4772,3,737893365716921541,0,1,1,8,5,2,1,6
4773,3,6813700885540548425,0,0,0,11,3,4,1,11
4774,3,-7040875296971261324,0,0,0,12,1,6,2,14
4775,3,-5220112888619799988,0,2,2,10,3,5,2,19
4776,3,-1185095473039398871,0,0,0,10,1,5,2,14
4777,3,-6713439642185513413,0,0,0,10,3,5,2,10
4778,3,-4803466053731924276,0,1,1,12,1,4,1,10
4779,3,119502955310233099,0,2,2,12,2,6,2,16
4780,3,-7187423802362392995,0,1,1,12,2,6,2,16
4781,3,3643904956652532364,0,0,0,11,4,5,2,12
4782,3,5184789394522484297,0,0,0,9,3,5,2,16
4783,3,2810246249488020702,0,1,1,9,4,3,2,8
4784,3,2036604203239165696,0,0,0,11,2,4,1,9
4785,3,147720298326909987,0,0,0,10,3,6,2,20
4786,3,2978812720012662979,0,0,0,8,6,4,2,12
4787,3,5334287106579540597,0,1,1,7,6,3,2,12
4788,3,-2227467942910045246,0,0,0,10,3,5,2,16
4789,3,1377631257468740890,0,1,1,9,8,2,1,6
4790,3,4822235765924754789,0,1,1,11,1,4,2,8
4791,3,1798954928809976822,0,0,0,11,5,4,1,11
4792,3,-3741559573388448023,0,2,2,8,4,3,2,8
4793,3,7453780796349164608,0,2,2,13,2,5,2,11
4794,3,1190923572047696175,0,1,1,10,6,4,2,12
4795,3,2637456838342521464,0,1,1,10,4,3,1,6
4796,3,7011745095018879440,0,1,1,12,1,5,1,14
4797,3,-643393322997612648,0,2,2,13,1,5,2,8
4798,3,1354386839122132340,0,0,0,8,5,4,2,15
4799,3,-2800091804015741559,0,1,1,14,2,4,1,8
4800,3,-80724804202577052,0,0,0,10,2,5,2,12
4801,3,7052349357684500184,0,1,1,10,2,3,1,9
4802,3,-7658906273423554980,0,0,0,10,2,4,1,13
4803,3,7407165273662289321,0,0,0,8,8,3,2,6
4804,3,-1542990289961881947,0,1,1,10,4,2,1,4
4805,3,-7879906092101358101,0,2,2,12,4,5,2,16
4806,3,-8979915612102706845,0,0,0,9,5,4,2,12
4807,3,3176254989977669325,0,0,0,10,6,4,1,11
4808,3,-8771991959646838485,0,1,1,10,5,3,2,8
4809,3,-3241415252451395729,0,0,0,10,6,4,1,11
4810,3,1544382782731484120,0,1,1,12,1,3,1,9
4811,3,-4612147211380512036,0,0,0,9,3,4,2,10
4812,3,93472631812366751,0,0,0,9,6,4,1,11
4813,3,-2348936318010269896,0,1,1,10,2,3,1,8
4814,3,7040782792118055263,0,0,0,9,4,5,2,16
4815,3,-8175559043283039179,0,2,2,10,4,4,2,13
4816,3,7786032079042774589,0,1,1,14,1,5,1,12
4817,3,7106737101789310155,0,2,2,11,6,5,2,17
4818,3,-1075728688335818128,0,1,1,8,2,3,1,11
4819,3,1605497241076787240,0,1,1,7,6,3,2,14
4820,3,2899936669647704921,0,1,1,11,2,4,2,8
4821,3,-2232728629425121820,0,0,0,10,2,5,2,12
4822,3,-3927526335285046570,0,0,0,11,7,5,2,13
4823,3,4168675845258350968,0,0,0,7,5,4,2,16
4824,3,5727603103096318422,0,2,2,11,4,5,2,10
4825,3,-9004773100710031120,0,2,2,8,4,3,2,10
4826,3,-7577421878283208656,0,0,0,8,5,4,2,10
4827,3,-4274695413568671008,0,0,0,10,2,4,1,12
4828,3,-3491619894057794128,0,0,0,8,3,4,2,14
4829,3,6902077682026788756,0,1,1,9,3,3,1,11
4830,3,-1735598376984739725,0,1,1,11,2,5,2,12
4831,3,3910916052217387402,0,0,0,8,1,3,1,6
4832,3,-6193908125351867276,0,1,1,8,3,3,2,12
4833,3,-2309869730743092956,0,0,0,10,6,4,2,10
4834,3,-4058141494888253338,0,1,1,8,5,2,1,6
4835,3,2586489100113022873,0,1,1,11,5,3,1,5
4836,3,-314537484233446461,0,1,1,12,3,3,1,5
4837,3,-7930550824280105684,0,0,0,12,3,6,2,16
4838,3,6113173314663326244,0,1,1,9,4,3,2,10
4839,3,317086818783364769,0,0,0,14,1,7,2,13
4840,3,3235083806798219219,0,2,2,9,3,4,2,11
4841,3,5799212062587033067,0,2,2,10,1,3,1,4
4842,3,6631235636147506078,0,1,1,9,1,4,2,15
4843,3,476530716965360169,0,1,1,9,1,4,2,14
4844,3,-761038434372273683,0,0,0,10,4,5,2,14
4845,3,-1391441180278349101,0,2,2,10,2,4,2,10
4846,3,7163936371385529623,0,0,0,10,1,6,2,20
4847,3,-6445481405541813712,0,0,0,7,7,2,1,7
4848,3,-6339445273224651024,0,1,1,8,5,3,2,14
4849,3,-6521301236075117813,0,0,0,8,2,4,2,12
4850,3,611094734295009190,0,2,2,12,1,5,1,15
4851,3,1315954391301156261,0,2,2,11,2,4,1,13
4852,3,-7735067156724632115,0,1,1,8,2,3,2,8
4853,3,-7635134465550764051,0,0,0,10,5,4,1,12
4854,3,798971962657856439,0,0,0,8,6,3,1,9
4855,3,1383533000907898094,0,0,0,13,1,5,1,12
4856,3,3166221893209427465,0,0,0,12,3,3,1,5
4857,3,-1356813851856251000,0,0,0,8,6,3,1,11
4858,3,-2062756184541278326,0,1,1,12,5,4,2,12
4859,3,2113343612153594978,0,1,1,9,1,4,2,13
4860,3,-778322841803012546,0,0,0,11,6,4,1,10
4861,3,3487393877544759071,0,0,0,10,2,4,2,6
4862,3,5326659701443538355,0,1,1,12,4,3,1,7
4863,3,6442686020352581327,0,0,0,10,2,3,1,9
4864,3,6275628277835799193,0,1,1,8,2,3,2,8
4865,3,347738813425546663,0,1,1,9,2,4,2,14
4866,3,-6037586217895894120,0,2,2,8,8,2,1,7
4867,3,-275923807867832331,0,0,0,11,1,6,2,18
4868,3,-6284737761413840034,0,0,0,11,3,5,2,11
4869,3,-511255581798658483,0,0,0,9,4,3,1,10
4870,3,2408483202737440758,0,0,0,11,1,5,1,13
4871,3,20255559581972232,0,1,1,9,4,3,2,4
4872,3,-9383704344894624,0,1,1,10,7,3,2,8
4873,3,-7921497051088364818,0,0,0,6,7,3,2,10
4874,3,1586514447318298973,0,1,1,10,4,4,2,11
4875,3,7303539418680637746,0,1,1,7,2,2,1,8
4876,3,-5359063093527820663,0,1,1,13,4,4,2,5
4877,3,8183951760486768286,0,1,1,9,2,4,2,14
4878,3,-8165640397251142481,0,0,0,9,5,4,2,12
4879,3,7668341174674054158,0,0,0,8,6,4,2,12
4880,3,-6032694225040773032,0,2,2,10,1,4,2,11
4881,3,-4889458838971404254,0,0,0,7,7,2,1,5
4882,3,-7669852774021586011,0,1,1,9,6,4,2,14
4883,3,-2989476406264195026,0,1,1,9,3,2,1,5
4884,3,-912604482860123554,0,0,0,10,2,4,1,13
4885,3,1165069046197927029,0,0,0,8,4,3,1,11
4886,3,2226869052168471370,0,2,2,12,1,4,1,8
4887,3,5074373972143500183,0,1,1,12,2,5,2,12
4888,3,-8629253443204562240,0,0,0,10,4,3,1,9
4889,3,4510957173203130695,0,1,1,9,2,3,1,6
4890,3,8392907187921154686,0,0,0,10,6,3,1,9
4891,3,-6723915787590396864,0,1,1,9,3,4,2,12
4892,3,-7575141277294335304,0,1,1,10,8,2,1,4
4893,3,-6136008324683470983,0,1,1,9,4,4,2,14
4894,3,100366529179551860,0,2,2,10,1,4,1,13
4895,3,6151402191644039831,0,0,0,11,2,5,2,14
4896,3,-3779129942157744876,0,0,0,9,5,4,1,13
4897,3,-5895727250851740254,0,2,2,9,8,2,1,6
4898,3,3046674274181346100,0,0,0,10,1,4,1,9
4899,3,-7837473147583452165,0,2,2,11,1,4,1,9
4900,3,-91538517965876043,0,1,1,7,4,3,2,14
4901,3,-7235764474205875571,0,1,1,9,3,4,2,12
4902,3,-5199218322273468902,0,0,0,10,2,5,2,13
4903,3,1177649476535403843,0,1,1,9,1,4,2,13
4904,3,-4579670433124517102,0,0,0,10,1,4,2,10
4905,3,648240737082032057,0,0,0,9,1,5,2,16
4906,3,4343447650372806741,0,2,2,11,3,4,1,11
4907,3,-4308590766539625163,0,1,1,8,3,3,2,8
4908,3,1166172737723627187,0,1,1,9,6,3,1,10
4909,3,-3216862547834817576,0,1,1,10,2,4,2,8
4910,3,-4172443947555878039,0,2,2,12,1,5,2,16
4911,3,-723404788157792496,0,1,1,10,2,4,2,10
4912,3,-2606286179010899530,0,0,0,12,2,5,2,7
4913,3,-1514684993947091632,0,1,1,9,3,4,2,14
4914,3,2690598472679707053,0,1,1,7,4,3,2,14
4915,3,-6537460857314409213,0,1,1,7,7,2,1,7
4916,3,-5279241025590042548,0,1,1,10,7,2,1,4
4917,3,6203214585241277629,0,1,1,11,1,5,2,14
4918,3,159686887126367438,0,0,0,11,1,5,1,15
4919,3,-8581345461870812493,0,0,0,10,4,4,2,8
4920,3,-7481624706385940675,0,1,1,12,1,4,1,8
4921,3,-30297275028754579,0,1,1,12,3,3,1,5
4922,3,475770257234345034,0,1,1,10,6,3,2,6
4923,3,5198794021674258361,0,2,2,13,3,6,2,11
4924,3,6244899919159968352,0,0,0,10,2,4,2,9
4925,3,-2856894716121800222,0,1,1,8,3,3,2,8
4926,3,7352092163977745398,0,2,2,10,1,3,1,10
4927,3,5225359065504850466,0,0,0,8,7,3,1,9
4928,3,286706065750172452,0,0,0,7,7,3,2,8
4929,3,-8521872579014536620,0,0,0,11,4,6,2,16
4930,3,2452555701672317561,0,0,0,7,3,3,1,12
4931,3,7315368837731739885,0,1,1,10,1,3,1,7
4932,3,4880947357679206155,0,1,1,8,3,2,1,8
4933,3,8637640938382555948,0,0,0,10,3,4,1,11
4934,3,-9006778892405745714,0,1,1,9,1,3,1,9
4935,3,3193511670506772112,0,1,1,14,2,6,2,14
4936,3,3816498469503112745,0,0,0,11,2,4,1,9
4937,3,1953647712833207690,0,1,1,10,4,2,1,4
4938,3,6910925752411843526,0,2,2,8,3,4,2,15
4939,3,-4501141371434452108,0,2,2,10,6,3,1,10
4940,3,-8283590786858436183,0,1,1,7,4,3,2,10
4941,3,-4053805655906057279,0,2,2,9,3,3,1,13
4942,3,-465806485414648700,0,1,1,10,1,2,1,6
4943,3,7757773176873488500,0,2,2,8,1,2,1,7
4944,3,1212827566753143368,0,1,1,7,3,2,1,5
4945,3,-3198991557598088234,0,2,2,14,2,5,1,11
4946,3,6927840492396600575,0,0,0,9,6,4,1,14
4947,3,-2828589738850905758,0,1,1,11,3,4,1,8
4948,3,-5837651109396633896,0,0,0,12,3,5,2,10
4949,3,-6236148555502996988,0,0,0,10,1,6,2,20
4950,3,-7737629098956113021,0,1,1,11,2,5,2,14
4951,3,-7328402486721566846,0,1,1,9,2,3,1,10
4952,3,2068208906493328063,0,1,1,10,3,4,2,8
4953,3,-4460038445076270278,0,0,0,7,7,2,1,7
4954,3,-2841586488433063888,0,0,0,15,2,5,1,8
4955,3,-99183350771047411,0,2,2,11,2,5,2,14
4956,3,-258518838167315339,0,0,0,9,8,4,2,10
4957,3,-6076492946496135269,0,0,0,10,1,5,1,15
4958,3,-1518615602346617990,0,1,1,11,2,4,1,10
4959,3,7135321500051196592,0,2,2,8,7,2,1,7
4960,3,4913655718717049865,0,0,0,13,1,5,2,9
4961,3,4577940987654653181,0,1,1,8,3,4,2,18
4962,3,4686431369506106535,0,0,0,11,2,5,2,14
4963,3,6236785660249484298,0,2,2,9,3,3,1,7
4964,3,-3468359689341640291,0,0,0,10,2,4,1,14
4965,3,-1746916865910040213,0,1,1,12,4,3,1,6
4966,3,-6467034427922896812,0,1,1,7,6,3,2,13
4967,3,7587721520521236529,0,1,1,8,5,3,2,11
4968,3,-3955054140325250074,0,1,1,10,5,5,2,18
4969,3,6711204383273389475,0,1,1,9,4,2,1,4
4970,3,1044019188837807856,0,1,1,10,2,4,2,12
4971,3,5790188090556461358,0,0,0,11,3,6,2,16
4972,3,-3025922862253785427,0,2,2,8,7,2,1,7
4973,3,-7559264425661829223,0,0,0,13,3,6,2,14
4974,3,-3287743212537279680,0,2,2,9,3,4,2,14
4975,3,1940423809748239740,0,0,0,7,5,3,2,8
4976,3,-3686649325377904304,0,1,1,8,5,3,2,10
4977,3,-4679176619736621838,0,1,1,11,1,3,1,8
4978,3,-156212797813337894,0,0,0,7,5,3,2,8
4979,3,-7974831299697649011,0,1,1,11,1,4,1,9
4980,3,154703785293925697,0,1,1,12,1,3,1,6
4981,3,-2799029206050585206,0,0,0,10,3,4,1,9
4982,3,-3150495856305802583,0,1,1,7,9,2,2,6
4983,3,8841596844950191941,0,2,2,10,2,3,1,10
4984,3,2614323295306878086,0,1,1,10,4,3,1,8
4985,3,8948102181932760559,0,1,1,11,3,5,2,14
4986,3,3442436459345572207,0,0,0,11,1,5,2,12
4987,3,8271737488782474877,0,2,2,8,1,4,2,17
4988,3,-147956121700890568,0,1,1,7,7,3,2,10
4989,3,7158142412470297059,0,1,1,9,1,3,1,10
4990,3,-1527747286827267522,0,2,2,11,6,5,2,16
4991,3,3249826629912979841,0,0,0,10,1,5,2,16
4992,3,7460723141225715460,0,2,2,9,1,4,2,12
4993,3,-2581518437983254819,0,1,1,10,3,4,2,12
4994,3,1622066195810938110,0,0,0,10,2,5,2,16
4995,3,9163959810080715411,0,1,1,11,5,4,2,10
4996,3,2683378887405067181,0,0,0,9,7,4,2,10
4997,3,1410365442187624073,0,0,0,11,4,5,2,10
4998,3,6458503971860693739,0,0,0,7,9,3,2,8
4999,3,5764018118263068518,0,0,0,12,2,5,2,8
5000,3,7937678444978451335,0,2,2,11,2,4,2,13
5001,3,930714081322117444,0,0,0,15,2,6,2,10
5002,3,8526182245430166804,0,0,0,9,7,3,1,9
5003,3,-7596663668634510429,0,0,0,11,4,4,1,12
5004,3,6845523697264194814,0,0,0,11,4,5,2,9
5005,3,-7012357215985297247,0,0,0,10,2,5,2,14
5006,3,-6936089782546652451,0,2,2,9,4,4,2,13
5007,3,-1848494374678621337,0,1,1,9,2,3,1,11
5008,3,-6265149239706190323,0,2,2,13,1,5,1,11
5009,3,2888393795912253926,0,1,1,10,5,3,2,8
5010,3,-428116294437275522,0,0,0,8,8,4,2,11
5011,3,-6638321312318341693,0,1,1,9,2,2,1,4
5012,3,7238814675793646280,0,1,1,9,5,4,2,12
5013,3,-3204035651726458737,0,0,0,9,4,4,2,10
5014,3,6498231125222397313,0,1,1,10,3,3,1,9
5015,3,-2235715970220757189,0,1,1,13,2,4,1,10
5016,3,797271992622287826,0,2,2,8,6,3,2,11
5017,3,2454230482833369290,0,0,0,6,6,3,2,10
5018,3,2053016372859654984,0,2,2,14,2,5,2,11
5019,3,818074394705136712,0,1,1,11,1,4,1,11
5020,3,5140859246485787879,0,1,1,10,1,4,2,14
5021,3,3165010025597708794,0,0,0,7,3,3,1,11
5022,3,-5457846575330477180,0,2,2,10,2,5,2,16
5023,3,955659920899904470,0,0,0,9,3,4,2,10
5024,3,8152961048177621844,0,0,0,8,2,4,2,11
5025,3,8868917016769642805,0,1,1,9,1,4,2,14
5026,3,7464957167216672447,0,0,0,6,5,3,2,10
5027,3,4310173091320265158,0,2,2,13,1,4,1,12
5028,3,5208282058451553402,0,1,1,13,2,5,1,12
5029,3,-6611458519986521146,0,1,1,9,2,4,2,10
5030,3,-8781583162655720748,0,0,0,12,1,5,1,13
5031,3,8283397848018112877,0,0,0,10,1,4,1,14
5032,3,-4957208417980447665,0,2,2,9,2,3,1,11
5033,3,-3770482011042920021,0,0,0,12,1,6,2,16
5034,3,5382678488945283441,0,2,2,10,2,5,2,16
5035,3,810086921768519700,0,2,2,8,6,2,1,3
5036,3,5643132774581767132,0,0,0,9,5,5,2,18
5037,3,1364765642698645527,0,0,0,12,1,5,2,6
5038,3,-9022697884290773348,0,0,0,12,1,6,2,12
5039,3,-1591014435905867914,0,0,0,9,7,4,2,12
5040,3,474422179715303360,0,2,2,11,1,4,1,8
5041,3,-8838798075428983823,0,1,1,9,6,3,2,7
5042,3,613569399735607083,0,1,1,10,4,4,2,11
5043,3,-4038931573159602108,0,0,0,12,1,4,1,8
5044,3,-8027693327668545877,0,0,0,8,2,3,1,9
5045,3,8694709851185435732,0,1,1,10,3,4,2,10
5046,3,1613099853641766730,0,1,1,9,3,4,2,10
5047,3,-1084510904460706652,0,1,1,7,3,3,2,10
5048,3,-4959701584577585180,0,1,1,8,1,3,2,10
5049,3,-9187520042713084659,0,0,0,8,4,4,2,13
5050,3,9085385268200917241,0,1,1,11,2,4,2,10
5051,3,2829327344578132654,0,2,2,9,3,3,1,9
5052,3,4840247440722334148,0,1,1,8,4,3,2,8
5053,3,163912847521216800,0,2,2,11,5,4,2,11
5054,3,-3023386526116435316,0,0,0,11,1,4,1,5
5055,3,1049785053104807662,0,0,0,9,3,5,2,18
5056,3,6640720621717467193,0,1,1,9,5,2,1,9
5057,3,3511609755539266884,0,2,2,10,5,3,1,4
5058,3,-4352104624303911639,0,1,1,11,4,4,2,9
5059,3,8843545575859044069,0,2,2,13,2,5,1,11
5060,3,6338750133228671812,0,1,1,9,3,3,1,9
5061,3,-5364412294249864606,0,0,0,10,1,4,2,7
5062,3,-6777474119578098867,0,0,0,10,7,4,2,11
5063,3,4962221669804336008,0,1,1,9,5,4,2,13
5064,3,5580709393794790779,0,0,0,11,4,5,2,14
5065,3,-7475324197175613414,0,1,1,8,7,3,2,6
5066,3,-1720355107206867128,0,0,0,11,1,4,1,11
5067,3,-3113200092566273089,0,1,1,9,7,2,2,2
5068,3,-6567612848139865465,0,0,0,11,1,6,2,16
5069,3,122307328906553149,0,0,0,9,1,5,2,16
5070,3,-2673200637454880324,0,1,1,9,4,3,2,10
5071,3,7013100064699289319,0,0,0,10,6,5,2,13
5072,3,-94965138724252249,0,0,0,8,3,4,2,10
5073,3,6029633010907964500,0,0,0,8,6,4,2,10
5074,3,5273403319886762018,0,1,1,7,7,3,2,10
5075,3,436823894165325649,0,1,1,7,5,2,1,7
5076,3,-6972995769518036,0,0,0,8,7,4,2,14
5077,3,-6011098252291182056,0,2,2,12,5,5,1,15
5078,3,5496078138034498372,0,1,1,8,3,3,2,8
5079,3,3581470514738916545,0,2,2,8,2,4,2,17
5080,3,3237466408996122619,0,2,2,11,3,6,2,20
5081,3,6269035439649145848,0,0,0,8,2,4,1,15
5082,3,5135784431686938052,0,2,2,10,6,4,2,10
5083,3,-7205214720320915729,0,0,0,7,9,2,1,3
5084,3,2503482880114511374,0,2,2,11,1,4,2,9
5085,3,-3042545593171685226,0,2,2,12,1,5,1,15
5086,3,-6104924256286336364,0,2,2,9,2,4,2,12
5087,3,-1810296094192394231,0,2,2,12,1,4,2,7
5088,3,3170587407558946035,0,1,1,10,4,3,1,8
5089,3,3813758548985447498,0,0,0,10,4,4,1,13
5090,3,6358910691048620924,0,0,0,10,3,5,1,15
5091,3,5350252077910359855,0,2,2,11,1,5,2,14
5092,3,7356431304344325963,0,0,0,8,2,5,2,20
5093,3,602321223543767965,0,1,1,9,2,2,1,5
5094,3,-3696431587123245160,0,0,0,8,4,4,2,16
5095,3,3368984742611514102,0,2,2,11,1,3,1,7
5096,3,7523973450251505228,0,2,2,10,1,4,1,11
5097,3,677064726377971151,0,1,1,9,1,4,2,12
5098,3,-5145622545941507625,0,1,1,10,4,3,1,9
5099,3,7444734559399795686,0,1,1,11,1,3,1,6
5100,3,-6456127285723113408,0,1,1,9,3,4,2,14
5101,3,-7749871692956037293,0,1,1,11,6,3,2,4
5102,3,-1008580193400934531,0,1,1,7,3,3,2,12
5103,3,-3590930151140415748,0,0,0,9,7,4,2,12
5104,3,-7854198617075794172,0,2,2,11,1,3,1,5
5105,3,6946555029227942990,0,0,0,8,8,4,2,14
5106,3,4365643402072479393,0,1,1,11,2,5,2,17
5107,3,7345080542134626345,0,1,1,13,1,5,2,8
5108,3,-2113353939882322294,0,1,1,14,1,4,1,8
5109,3,-6230003157938156773,0,1,1,8,5,2,2,6
5110,3,-3545696794386971472,0,1,1,9,4,3,2,5
5111,3,-4338472164535679792,0,2,2,10,2,4,2,11
5112,3,2819756368767935319,0,1,1,9,3,3,1,11
5113,3,-5615133511743461687,0,0,0,11,3,4,1,11
5114,3,171313434508008680,0,0,0,9,5,5,2,18
5115,3,8346203698464370252,0,1,1,9,6,3,2,11
5116,3,7375897314639599878,0,1,1,9,4,3,2,7
5117,3,-1542558517459799653,0,1,1,10,4,3,1,8
5118,3,2862150794179153630,0,2,2,9,4,3,2,9
5119,3,4402246558280510568,0,2,2,9,3,2,1,4
5120,3,4368003247991498947,0,0,0,13,4,6,1,17
5121,3,5549797553138966407,0,0,0,8,6,3,1,11
5122,3,426485485376015609,0,0,0,8,5,4,2,12
5123,3,-6410110952654997531,0,2,2,11,2,4,1,11
5124,3,-8107125732802404400,0,0,0,8,4,4,2,12
5125,3,8421723942312145080,0,2,2,10,2,3,1,11
5126,3,3151486711740977908,0,1,1,8,2,2,1,8
5127,3,-1854204231991122697,0,0,0,14,1,6,2,13
5128,3,-3010121387354057213,0,0,0,10,5,4,1,11
5129,3,-4039811967936904179,0,1,1,10,5,3,1,9
5130,3,-2895953031842677664,0,0,0,10,4,5,2,14
5131,3,7117641125006450120,0,1,1,10,5,2,1,6
5132,3,-9090007655929369530,0,1,1,7,6,3,2,10
5133,3,-7883496131634333289,0,0,0,9,4,4,2,8
5134,3,-1674817069607523553,0,0,0,10,4,4,2,8
5135,3,6788709332008381684,0,0,0,10,6,5,2,14
5136,3,2150441878419725078,0,1,1,10,1,4,2,10
5137,3,6016489572452246815,0,0,0,13,1,5,1,11
5138,3,-574000202915791381,0,1,1,8,6,2,1,4
5139,3,-2541143068812322804,0,0,0,12,4,5,1,10
5140,3,6367105553277817093,0,2,2,9,1,3,1,10
5141,3,-7906315169252978531,0,1,1,11,1,4,2,11
5142,3,8986958165572327117,0,0,0,9,5,4,2,12
5143,3,-2917699659686819309,0,0,0,11,4,5,2,14
5144,3,4560055949135290681,0,2,2,11,2,4,1,13
5145,3,-8828692052898312510,0,0,0,10,2,4,1,15
5146,3,-7668999271087214170,0,2,2,13,2,4,1,7
5147,3,-1442248693661659644,0,0,0,10,8,3,1,5
5148,3,-6515819165136600598,0,1,1,11,4,4,2,7
5149,3,8929484699919768943,0,1,1,10,3,4,2,13
5150,3,-2016653880904430935,0,1,1,7,8,1,1,2
5151,3,3417071122630351178,0,2,2,8,1,3,1,10
5152,3,-3261913934505747737,0,0,0,11,2,5,2,15
5153,3,8515945755137300540,0,0,0,8,1,4,2,12
5154,3,-5482384581722123041,0,0,0,8,2,5,2,20
5155,3,-8477704691356555706,0,1,1,11,2,4,2,9
5156,3,6075587141742404626,0,2,2,13,1,5,2,10
5157,3,-7140279385470485774,0,1,1,10,6,3,2,6
5158,3,-8767805128990162782,0,0,0,11,2,5,1,16
5159,3,281774557202669260,0,0,0,10,4,4,1,10
5160,3,564330446555452383,0,1,1,7,2,3,2,13
5161,3,5267878317881635857,0,1,1,9,4,2,1,5
5162,3,-613899232840297950,0,0,0,12,5,5,1,12
5163,3,-5671520651693467994,0,1,1,10,5,3,1,8
5164,3,4140574350053613017,0,0,0,12,1,6,2,16
5165,3,2571823617727563595,0,1,1,7,3,3,2,12
5166,3,-2101085672852387869,0,0,0,9,2,4,1,17
5167,3,-7950695094486346224,0,2,2,11,4,4,1,11
5168,3,173714620304605470,0,1,1,8,7,3,2,8
5169,3,8782283932614721543,0,1,1,12,1,4,1,10
5170,3,-7358413874889617091,0,1,1,10,6,3,1,7
5171,3,8887694758233633850,0,0,0,9,4,4,1,12
5172,3,-1738920208765851938,0,2,2,10,1,4,1,14
5173,3,4916973722477016031,0,0,0,8,4,4,2,14
5174,3,-223838521615428389,0,2,2,10,5,4,2,9
5175,3,7143287243917590986,0,1,1,8,3,3,2,9
5176,3,1862628280135028959,0,0,0,13,1,6,1,13
5177,3,-8757322726052555486,0,1,1,11,3,3,1,4
5178,3,5125536618862823228,0,0,0,8,2,4,2,14
5179,3,-5547708113553570985,0,0,0,10,4,4,1,11
5180,3,-7535422612939548676,0,1,1,14,3,4,1,6
5181,3,-7044203091832679085,0,2,2,10,2,4,1,13
5182,3,7633178021212901685,0,2,2,14,1,7,2,19
5183,3,1845569874495470575,0,0,0,10,3,5,2,14
5184,3,-1434888030720771423,0,0,0,11,1,5,2,14
5185,3,-3483789769782257752,0,2,2,11,2,4,2,11
5186,3,-1966628526307047827,0,2,2,9,4,2,1,4
5187,3,4052570620390459281,0,1,1,9,2,3,1,9
5188,3,3478109541427493713,0,0,0,7,8,3,1,10
5189,3,-2441892744834452597,0,0,0,9,1,4,1,13
5190,3,2445240154464168928,0,1,1,11,1,4,1,10
5191,3,-2788840647178598988,0,1,1,9,2,3,2,9
5192,3,8450412342373732129,0,0,0,11,5,6,2,18
5193,3,-3980498143310690531,0,0,0,13,2,7,2,16
5194,3,-8969649475141464483,0,2,2,10,3,4,2,10
5195,3,-1919153267679128641,0,1,1,8,4,2,1,8
5196,3,-3810529733875590086,0,0,0,8,2,4,2,13
5197,3,-3336022990095590994,0,2,2,10,2,5,2,16
5198,3,8300480227866061064,0,0,0,9,7,4,2,12
5199,3,2405572689729066894,0,2,2,10,4,3,1,9
5200,3,-7129770709940271014,0,1,1,7,3,3,2,10
5201,3,-3483042617362166202,0,0,0,11,4,5,2,14
5202,3,-160699202160878632,0,0,0,10,1,4,1,15
5203,3,-2551944027098113548,0,2,2,10,7,2,1,3
5204,3,4018307732685559636,0,0,0,13,2,6,2,12
5205,3,7626264670050182688,0,0,0,7,8,2,1,5
5206,3,-5009296415402036710,0,1,1,11,1,4,1,13
5207,3,1814286169751499059,0,1,1,10,1,4,2,9
5208,3,-1548757574565226101,0,1,1,9,2,4,2,13
5209,3,5048018560613192489,0,1,1,10,1,3,2,4
5210,3,121483622552221932,0,1,1,10,1,3,1,8
5211,3,7418191122980830085,0,1,1,11,1,5,2,16
5212,3,6535325566444907131,0,0,0,6,8,2,1,6
5213,3,7030374335492643461,0,0,0,10,3,5,2,12
5214,3,-4565959308940155453,0,1,1,8,4,3,2,10
5215,3,-7262258913764398697,0,2,2,11,1,5,2,10
5216,3,5743218943373344561,0,0,0,9,3,4,2,12
5217,3,-4252948269770275061,0,2,2,8,4,3,2,7
5218,3,-8490363857814188826,0,0,0,10,8,4,2,12
5219,3,-3612219689894553335,0,1,1,9,2,2,1,4
5220,3,8276419841685456077,0,1,1,8,3,3,2,10
5221,3,-8918507352328950844,0,1,1,9,2,2,1,3
5222,3,-2414522538690615312,0,0,0,7,5,3,2,8
5223,3,-8689923582204199185,0,1,1,9,4,3,1,8
5224,3,4462359036739866375,0,2,2,11,5,5,2,13
5225,3,-8962222086066833808,0,1,1,13,1,4,1,8
5226,3,456234198693719122,0,1,1,7,5,3,2,12
5227,3,-2871627616472948141,0,2,2,9,8,3,2,5
5228,3,-7452976528503122264,0,2,2,10,1,3,1,6
5229,3,-3800854773288185344,0,0,0,8,3,3,1,11
5230,3,5206475886909239758,0,0,0,10,4,4,2,8
5231,3,2678420716391048880,0,1,1,10,3,4,2,10
5232,3,8324481821208741900,0,1,1,7,5,2,1,8
5233,3,5360953828977760541,0,0,0,9,1,4,1,11
5234,3,-5701081934776145667,0,0,0,8,7,4,2,12
5235,3,-3206688825749150088,0,0,0,9,6,3,1,12
5236,3,472682183725228455,0,0,0,11,1,4,1,11
5237,3,-3695678726730409824,0,1,1,10,3,2,1,6
5238,3,2393796547667861962,0,2,2,13,1,5,1,14
5239,3,-7015250175381742192,0,0,0,11,2,4,1,7
5240,3,3775501824075489916,0,1,1,9,4,2,1,7
5241,3,-8412675853010296296,0,1,1,9,1,4,2,10
5242,3,-2848642231687306763,0,1,1,9,2,4,2,11
5243,3,6024785713055704015,0,0,0,7,3,3,1,13
5244,3,-132238262374365017,0,1,1,7,4,3,2,10
5245,3,3724470381081718343,0,0,0,12,2,5,1,17
5246,3,4101178289978248082,0,0,0,10,3,6,2,20
5247,3,-2462276847013759102,0,1,1,10,4,3,1,10
5248,3,-2440971237554708523,0,0,0,10,2,5,2,12
5249,3,8666527724141809573,0,0,0,12,3,4,1,9
5250,3,1863245995577381767,0,0,0,9,3,5,2,16
5251,3,1132554397296105451,0,1,1,8,3,3,2,8
5252,3,6315867422409170887,0,0,0,9,2,4,2,10
5253,3,4277087013762774236,0,1,1,9,1,3,2,7
5254,3,-7882409108810921967,0,1,1,14,1,5,2,9
5255,3,6111507530680528829,0,1,1,10,4,4,2,11
5256,3,631216153468492499,0,1,1,12,2,5,1,14
5257,3,3570843313434950474,0,0,0,10,4,4,1,9
5258,3,-3672188585614072001,0,1,1,9,9,1,1,2
5259,3,-8670250448574935134,0,2,2,7,3,2,1,6
5260,3,1130039023920135267,0,2,2,9,2,4,2,14
5261,3,7340326505427800450,0,1,1,10,3,2,1,4
5262,3,1746064377797723510,0,1,1,9,2,3,1,8
5263,3,8790046469478709429,0,1,1,8,4,3,2,10
5264,3,-6541145119509293197,0,2,2,8,2,3,2,11
5265,3,7156895664375605707,0,2,2,8,2,2,1,7
5266,3,2751817675721458667,0,0,0,8,8,4,2,12
5267,3,6454252844025198344,0,1,1,7,6,2,2,6
5268,3,7129209841545331991,0,0,0,11,4,4,2,8
5269,3,-1731307285405746017,0,2,2,13,5,5,2,13
5270,3,1849486075551766316,0,2,2,10,5,4,2,15
5271,3,91108367041219616,0,1,1,9,3,3,2,5
5272,3,-3864629498783149325,0,2,2,9,2,4,2,12
5273,3,-1346373033424053459,0,1,1,11,5,4,2,12
5274,3,-3778788948029956712,0,2,2,13,2,4,1,8
5275,3,8130002931750889844,0,2,2,11,4,3,1,9
5276,3,5249573599639896513,0,0,0,10,2,5,2,14
5277,3,-9048107172953959976,0,1,1,12,2,5,1,17
5278,3,8751437890485749218,0,1,1,11,2,4,2,11
5279,3,1970550283071945457,0,0,0,8,5,3,2,8
5280,3,2426187169737036751,0,1,1,14,1,5,2,7
5281,3,7815353730718063287,0,0,0,10,1,5,2,14
5282,3,-2217620464608836206,0,1,1,10,1,3,1,8
5283,3,8635443842908684665,0,0,0,9,5,5,2,18
5284,3,6810487541775723390,0,0,0,7,8,4,2,18
5285,3,-4454984480243310573,0,1,1,8,3,4,2,18
5286,3,-6351883482105307260,0,0,0,12,1,6,2,13
5287,3,4898223136224230751,0,1,1,8,5,2,1,6
5288,3,2635209451963021764,0,0,0,9,5,3,1,6
5289,3,-4627252886434984213,0,1,1,7,4,2,1,6
5290,3,-3765370344893203865,0,0,0,10,5,4,2,9
5291,3,3828477811161508076,0,1,1,8,4,3,2,10
5292,3,-7876328292241474389,0,1,1,9,6,3,2,10
5293,3,-2288964344390583949,0,0,0,9,2,3,1,7
5294,3,-3650707098865219778,0,0,0,12,4,5,1,12
5295,3,7509791509520663262,0,0,0,8,7,4,2,14
5296,3,-7245534525822841392,0,0,0,10,2,5,2,12
5297,3,-2189791540495251056,0,1,1,10,2,3,1,6
5298,3,3077215732341553123,0,1,1,9,1,3,2,7
5299,3,-4828240915378788124,0,1,1,10,5,4,2,8
5300,3,2595216611957440740,0,0,0,12,2,5,1,13
5301,3,-5011897454256258210,0,2,2,10,1,4,1,13
5302,3,-4219018281490430593,0,1,1,8,8,3,2,6
5303,3,7909033699971072547,0,1,1,13,1,5,1,12
5304,3,1097849770705818159,0,2,2,8,8,3,2,9
5305,3,-5907870234171172949,0,1,1,8,3,3,1,11
5306,3,-3736379743520258285,0,0,0,9,5,4,2,10
5307,3,-6867774468899161676,0,0,0,11,3,4,1,10
5308,3,-4447933166261181176,0,0,0,11,1,5,2,9
5309,3,-7068197728047102343,0,0,0,7,9,2,1,5
5310,3,-3815362683640817677,0,1,1,8,2,2,1,6
5311,3,7221058684537800995,0,0,0,9,4,4,2,12
5312,3,2210893350980948574,0,2,2,13,1,4,1,9
5313,3,8036626944058937727,0,2,2,10,3,4,2,13
5314,3,-7357184102624555450,0,1,1,13,2,4,2,8
5315,3,-8925828592739331342,0,0,0,11,5,4,1,11
5316,3,-2026462186916051150,0,0,0,9,1,5,2,16
5317,3,-2578521023234883927,0,2,2,9,1,4,2,14
5318,3,-650616630654762617,0,0,0,12,3,4,1,9
5319,3,-1625157777528533740,0,1,1,7,6,2,2,10
5320,3,-1711455792505752806,0,1,1,10,2,3,1,7
5321,3,5416327940533529236,0,2,2,10,2,3,1,12
5322,3,-4483164219700649721,0,2,2,11,1,4,1,9
5323,3,-4389429042763302030,0,0,0,6,7,2,1,6
5324,3,-6884535408925342016,0,0,0,7,6,2,1,5
5325,3,7237898055542778643,0,1,1,10,1,3,2,6
5326,3,-1005928580245857688,0,1,1,10,1,4,2,12
5327,3,-8507853410274936215,0,0,0,9,1,4,2,11
5328,3,-457694735701769631,0,1,1,15,4,4,1,9
5329,3,-1972288703018368595,0,2,2,11,4,4,2,8
5330,3,-7369221746942275549,0,2,2,8,7,3,2,8
5331,3,1074863719331207498,0,1,1,9,2,3,2,7
5332,3,-6802808485384383409,0,0,0,9,7,4,2,8
5333,3,-2815523933699547620,0,2,2,8,4,3,2,7
5334,3,8900440903930994691,0,0,0,13,1,7,2,16
5335,3,2744366047767741657,0,1,1,8,7,3,2,10
5336,3,8504644353889929072,0,2,2,10,3,3,1,8
5337,3,-3181074580712329009,0,1,1,9,1,4,2,14
5338,3,55617781778577832,0,1,1,9,4,4,2,11
5339,3,3301283301190910415,0,0,0,11,1,4,1,7
5340,3,-383209288281701956,0,2,2,10,5,4,2,11
5341,3,-2683547481262830231,0,0,0,9,6,3,1,7
5342,3,-6563613214614567674,0,0,0,9,1,5,2,16
5343,3,-6509241636020439208,0,0,0,10,1,5,2,14
5344,3,7189812185693295298,0,0,0,10,6,4,2,12
5345,3,-4266716736802939585,0,1,1,9,1,4,2,11
5346,3,4461926942900558051,0,1,1,8,1,2,1,6
5347,3,4939544736413452694,0,0,0,9,3,3,1,9
5348,3,-506558930359135708,0,1,1,9,4,2,1,5
5349,3,-8927560596787879458,0,1,1,10,3,3,1,9
5350,3,-2004859478442589860,0,2,2,10,3,4,2,12
5351,3,-9069118446020197348,0,1,1,9,6,3,2,12
5352,3,5982122759094291990,0,1,1,13,1,4,1,8
5353,3,6516616274194237316,0,2,2,12,1,5,2,11
5354,3,-7064306127582210464,0,1,1,7,4,2,1,7
5355,3,6034879771162760307,0,1,1,8,3,3,2,8
5356,3,4373632813578455523,0,1,1,12,5,3,2,5
5357,3,5350512700685027234,0,2,2,9,4,3,2,8
5358,3,6724605092240253491,0,1,1,9,6,3,2,7
5359,3,-1073557259928841064,0,0,0,9,5,5,2,18
5360,3,-3626492375714444184,0,0,0,10,2,5,2,13
5361,3,3327660920928885600,0,1,1,10,4,4,2,10
5362,3,5844688499526457325,0,1,1,10,1,4,2,10
5363,3,-3337160520365267588,0,1,1,10,1,4,2,8
5364,3,-6024403722152411497,0,1,1,9,1,4,2,10
5365,3,-4580554794153837031,0,1,1,9,4,3,2,8
5366,3,316718604936534521,0,0,0,8,7,4,2,10
5367,3,-5211017452306654845,0,0,0,6,8,3,2,10
5368,3,4771978848519870966,0,2,2,10,1,5,2,16
5369,3,-8909525560185241638,0,1,1,10,3,3,1,10
5370,3,5301564368888287383,0,0,0,10,2,4,1,8
5371,3,-8533286282394669306,0,0,0,10,2,5,2,13
5372,3,1392920830646478621,0,1,1,11,1,3,1,6
5373,3,-835662679402764313,0,2,2,9,1,4,2,11
5374,3,8708876190180757594,0,0,0,8,5,4,2,13
5375,3,-1153144591392941359,0,0,0,11,3,5,2,14
5376,3,6492463903217765436,0,0,0,9,3,5,2,18
5377,3,-8135551087004408009,0,1,1,9,8,1,1,4
5378,3,2017611330507460778,0,1,1,10,4,2,1,3
5379,3,2983150314463126181,0,2,2,8,2,3,1,11
5380,3,8940949785417083794,0,1,1,9,3,4,2,14
5381,3,6759920538609294067,0,1,1,10,2,3,1,10
5382,3,-4945385834432679358,0,1,1,14,1,5,2,12
5383,3,5302467262325917623,0,2,2,12,2,4,2,8
5384,3,-1391260344525893129,0,1,1,9,3,4,2,14
5385,3,6373595677213794043,0,0,0,10,2,6,2,20
5386,3,2509045072408516019,0,2,2,9,2,2,1,4
5387,3,2827195616385122607,0,1,1,13,1,4,1,7
5388,3,-7475990281019689645,0,0,0,11,4,6,2,16
5389,3,-7399325821708029855,0,1,1,9,3,4,2,18
5390,3,2228256786774295008,0,2,2,7,6,3,2,10
5391,3,-8222468206584641878,0,0,0,9,7,4,2,10
5392,3,1300709821334308,0,0,0,9,7,3,1,9
5393,3,-5998285898601553941,0,1,1,8,9,2,2,6
5394,3,7312191835110136448,0,0,0,10,1,3,1,7
5395,3,-1793359868439647559,0,1,1,11,2,5,2,12
5396,3,-4155383159377199363,0,0,0,10,4,4,1,11
5397,3,7526259807032366229,0,0,0,12,2,5,1,11
5398,3,1615731930174006944,0,1,1,10,5,3,2,8
5399,3,8194863636177765728,0,1,1,9,6,2,1,5
5400,3,-8644643762067083007,0,0,0,8,3,4,2,12
5401,3,-7041278919166468595,0,2,2,13,2,6,2,13
5402,3,327707830635407134,0,0,0,8,6,3,2,6
5403,3,5359101866428722840,0,1,1,13,2,5,2,8
5404,3,-8739719517461420948,0,0,0,9,4,3,1,8
5405,3,-5815209057556768970,0,0,0,8,2,4,1,15
5406,3,-4639907519189271249,0,0,0,10,4,5,2,10
5407,3,-231224518701348659,0,1,1,10,2,3,1,10
5408,3,-3057723873877232118,0,0,0,9,3,5,2,16
5409,3,8873013590750795941,0,2,2,9,2,4,2,12
5410,3,3152867175159013593,0,0,0,12,1,5,1,13
5411,3,1264870878763539296,0,0,0,9,6,4,2,10
5412,3,8128228766396789438,0,0,0,11,7,4,1,6
5413,3,7559065445073402663,0,2,2,10,2,3,1,7
5414,3,5504762636628551546,0,0,0,8,9,3,2,8
5415,3,1165267958020947238,0,1,1,11,2,4,2,11
5416,3,-1879340623546120707,0,1,1,9,1,3,1,5
5417,3,5652697445475871289,0,1,1,11,1,4,2,10
5418,3,-3828522868735845825,0,1,1,8,5,3,2,12
5419,3,-5059542863821533465,0,1,1,10,4,4,2,11
5420,3,-480856563782223792,0,1,1,8,2,3,2,10
5421,3,-3787183780710447474,0,2,2,11,1,5,2,15
5422,3,-6082416246689489746,0,1,1,10,6,3,2,10
5423,3,-3107430131457128992,0,0,0,8,4,3,1,11
5424,3,294182132701019606,0,1,1,9,2,4,2,14
5425,3,5028808243719411853,0,0,0,11,4,5,1,14
5426,3,-7601988608268590307,0,1,1,9,6,2,1,7
5427,3,-4705412059712371135,0,1,1,11,4,4,2,6
5428,3,-7296166887669885761,0,0,0,11,1,6,2,16
5429,3,1526176412184875729,0,0,0,10,4,6,2,20
5430,3,1298093641052977464,0,2,2,7,3,3,2,10
5431,3,1972869219876687280,0,1,1,10,8,2,1,8
5432,3,7826002368197882834,0,2,2,9,4,4,2,14
5433,3,-7789313066488863577,0,1,1,8,5,3,2,6
5434,3,1281916022305806463,0,0,0,12,3,6,2,13
5435,3,7628224940327546309,0,0,0,11,4,4,1,9
5436,3,3517303931168590056,0,1,1,13,3,5,2,12
5437,3,-4958981180149048173,0,1,1,10,5,2,1,6
5438,3,4972163795416878789,0,0,0,11,3,5,2,15
5439,3,-779441896987814260,0,1,1,10,3,3,1,6
5440,3,-1937422187854330002,0,1,1,9,3,3,1,9
5441,3,-6221854441413813557,0,1,1,10,5,2,1,4
5442,3,-6775389997218220878,0,0,0,6,9,2,1,6
5443,3,-7442328254592634618,0,0,0,9,3,5,2,16
5444,3,-7473632107811289369,0,2,2,11,2,5,2,14
5445,3,-952190969960344646,0,1,1,9,2,2,1,3
5446,3,-4086014818346847166,0,1,1,14,2,6,2,12
5447,3,1253298702796802471,0,0,0,9,4,4,2,10
5448,3,8678183517882790248,0,1,1,10,4,3,1,5
5449,3,-2429530514464955777,0,0,0,11,2,5,2,14
5450,3,-1379867459309658300,0,2,2,8,1,3,1,10
5451,3,2452690299763018457,0,0,0,9,5,2,1,5
5452,3,-2035337547455364581,0,1,1,7,6,2,1,6
5453,3,-3540834960767243413,0,0,0,8,2,4,1,15
5454,3,5283828111304873437,0,0,0,10,1,4,1,12
5455,3,-6534930103378671752,0,0,0,10,5,4,1,13
5456,3,-4005500024499743812,0,0,0,11,2,4,1,9
5457,3,-2313456771983192441,0,0,0,9,7,4,2,12
5458,3,226729409155759362,0,1,1,11,4,4,2,8
5459,3,-4329788493686778539,0,0,0,9,1,3,1,7
5460,3,-5285169325947879649,0,2,2,10,2,5,2,15
5461,3,7623973772145338892,0,1,1,9,7,3,2,10
5462,3,-150871540759542527,0,1,1,10,1,3,1,6
5463,3,-1582614374503778380,0,1,1,12,1,4,2,7
5464,3,-6461700197149914712,0,2,2,10,2,4,2,9
5465,3,-8846529075125244696,0,0,0,11,2,4,1,8
5466,3,1711375377353244665,0,0,0,8,2,5,2,20
5467,3,-4379212057924576819,0,0,0,10,3,5,2,13
5468,3,-7540010907759221807,0,0,0,9,5,3,1,7
5469,3,-3075417996496668352,0,1,1,7,6,1,1,2
5470,3,-5456747781547063204,0,1,1,11,1,4,1,8
5471,3,8654472572569327950,0,0,0,11,3,5,2,10
5472,3,-2092697053430237272,0,1,1,12,1,5,2,12
5473,3,-2759578304302999832,0,0,0,8,4,4,2,12
5474,3,-4261870711784441996,0,0,0,8,1,4,2,12
5475,3,-6508718273990270761,0,2,2,9,2,5,2,20
5476,3,5294580937267775310,0,0,0,10,6,4,2,7
5477,3,-3965715984020441619,0,0,0,8,3,4,2,12
5478,3,-2841786538920662052,0,1,1,10,3,4,2,8
5479,3,728482116878996092,0,1,1,12,4,4,2,6
5480,3,-8696607946715309191,0,1,1,8,4,3,2,8
5481,3,8985419277386531084,0,0,0,12,2,4,1,7
5482,3,2304761984832839683,0,1,1,14,1,5,2,14
5483,3,-5816853602187722169,0,0,0,8,7,4,2,14
5484,3,-9134999835654733326,0,1,1,13,2,5,1,10
5485,3,5220531181067862072,0,0,0,9,2,5,2,16
5486,3,-4924882937893318483,0,1,1,10,5,3,1,10
5487,3,8024824960780730548,0,0,0,8,5,4,2,14
5488,3,-1804768270136550376,0,1,1,9,5,3,1,8
5489,3,-5971333721309639912,0,2,2,10,2,3,1,10
5490,3,2155646034858668913,0,0,0,11,2,5,2,8
5491,3,894793433654097204,0,1,1,11,2,4,2,13
5492,3,-9150733717493105316,0,0,0,11,3,4,1,9
5493,3,-4992518527775716474,0,0,0,9,7,3,1,11
5494,3,-4366401021439558341,0,2,2,10,4,4,2,9
5495,3,-5218270259561379670,0,1,1,10,1,3,2,5
5496,3,4397045067544140227,0,2,2,14,1,5,1,13
5497,3,-7329296902879457263,0,0,0,10,4,4,1,11
5498,3,538951800396937420,0,0,0,11,3,5,2,14
5499,3,-3357363147041972239,0,0,0,10,1,4,1,7
5500,3,8220441369465472103,0,2,2,12,3,4,1,11
5501,3,3081799839966735996,0,1,1,11,2,4,2,7
5502,3,7226014032613223733,0,0,0,10,1,4,1,14
5503,3,-2267168271542852013,0,1,1,10,4,3,2,5
5504,3,-4262899394529755658,0,1,1,11,4,4,2,8
5505,3,-3249493916285028803,0,1,1,12,3,4,2,10
5506,3,19278470232282208,0,2,2,10,2,4,2,12
5507,3,4073839686855272467,0,0,0,9,1,4,1,14
5508,3,-8546350394097102031,0,1,1,9,2,3,1,7
5509,3,-6104087104739839233,0,1,1,8,4,3,2,8
5510,3,387760125596148103,0,0,0,8,8,3,1,7
5511,3,-8157640086341829403,0,1,1,10,6,3,2,4
5512,3,9166267321340545903,0,1,1,9,3,4,2,12
5513,3,-1473409698579611872,0,0,0,8,2,5,2,20
5514,3,-2290071772006721605,0,0,0,8,3,4,2,11
5515,3,-4059177322101833103,0,0,0,14,5,6,2,14
5516,3,5300340975128061719,0,0,0,10,2,3,1,6
5517,3,1584834882208704051,0,0,0,10,1,5,2,14
5518,3,3447277996775960670,0,0,0,10,5,4,2,8
5519,3,-7321411220730157357,0,1,1,11,4,4,2,10
5520,3,1534961055334755881,0,1,1,11,2,5,2,16
5521,3,-5386686039710148736,0,1,1,9,2,2,1,4
5522,3,-2226490977081536087,0,1,1,12,1,5,2,12
5523,3,5068348009657041694,0,1,1,9,3,4,2,10
5524,3,8282339757743673014,0,1,1,10,1,5,2,18
5525,3,-6933532524250077057,0,0,0,9,6,3,1,6
5526,3,-6151138239701560025,0,2,2,9,1,4,2,15
5527,3,8692447615901533652,0,2,2,11,2,5,2,11
5528,3,-8485465816166642844,0,2,2,10,3,3,1,6
5529,3,-7109315559216568479,0,0,0,10,3,5,1,19
5530,3,-2242250567698850248,0,1,1,11,6,4,2,10
5531,3,-5954318439799362193,0,0,0,6,8,3,2,10
5532,3,8282222040239913451,0,0,0,8,2,4,2,16
5533,3,-388393527685431929,0,1,1,11,2,3,1,9
5534,3,7189608555420958863,0,0,0,11,2,4,1,7
5535,3,-3764555723142425892,0,1,1,10,5,3,2,6
5536,3,-6033101186962288230,0,2,2,11,4,4,1,10
5537,3,1130675798821888520,0,1,1,12,1,4,2,10
5538,3,4178815372478772917,0,0,0,11,2,6,2,18
5539,3,8718715240605713403,0,1,1,12,1,5,2,13
5540,3,7159191008542214610,0,2,2,8,1,3,1,13
5541,3,-129581852892079056,0,1,1,11,2,3,1,5
5542,3,5179806062175201412,0,2,2,10,5,5,2,16
5543,3,-6790509494597636576,0,1,1,8,7,3,2,6
5544,3,8547622554386008202,0,0,0,9,1,5,2,18
5545,3,-858502513949321733,0,1,1,8,7,3,2,14
5546,3,8248896034730934700,0,2,2,9,4,3,2,6
5547,3,470484184337275029,0,0,0,8,1,4,2,12
5548,3,-1518467891103276854,0,1,1,9,7,2,1,6
5549,3,1184525921246346910,0,0,0,9,1,4,1,17
5550,3,7578434422574340145,0,0,0,10,1,6,2,20
5551,3,3110347357401771798,0,1,1,9,3,2,1,5
5552,3,-3101971251941023440,0,0,0,10,3,5,2,14
5553,3,-6923339425675739905,0,0,0,12,3,5,2,14
5554,3,4830464928548594410,0,0,0,10,4,5,2,16
5555,3,-1837715082805797805,0,1,1,12,3,4,1,9
5556,3,-8069488872525663634,0,1,1,7,6,3,2,11
5557,3,-4137717163036790216,0,2,2,11,3,3,1,9
5558,3,1642965305578110980,0,0,0,13,1,5,2,10
5559,3,-951909370653887375,0,0,0,10,2,5,2,14
5560,3,8754447892000146889,0,2,2,11,2,4,1,11
5561,3,-3087043260486759400,0,0,0,9,2,3,1,6
5562,3,-5262644586718917762,0,0,0,8,3,4,1,15
5563,3,5500457384983293834,0,1,1,9,2,3,2,9
5564,3,5648776021961905052,0,1,1,9,4,3,1,8
5565,3,8662069625025439649,0,1,1,10,3,4,1,13
5566,3,-4205445830319553109,0,2,2,10,1,4,1,12
5567,3,-2335431590022712280,0,2,2,7,2,3,1,15
5568,3,-5274845547237479981,0,0,0,13,4,5,1,13
5569,3,-6372664013036125301,0,0,0,6,6,3,2,12
5570,3,7348196448561777075,0,0,0,10,4,4,2,12
5571,3,329759578462728654,0,1,1,11,3,4,2,8
5572,3,-9135246559790183823,0,0,0,12,2,5,2,10
5573,3,-4828457820764503360,0,0,0,8,1,4,2,11
5574,3,-1484402695364176879,0,0,0,8,6,3,1,9
5575,3,-8541187778732061841,0,1,1,14,1,5,2,13
5576,3,-8204658042869163510,0,1,1,10,2,4,2,13
5577,3,7001331544127799006,0,1,1,9,2,3,2,11
5578,3,641999567728974102,0,0,0,13,2,6,2,12
5579,3,-7309163923024588299,0,0,0,9,2,4,1,15
5580,3,8224354332527386185,0,0,0,9,3,4,2,8
5581,3,1018480989667863224,0,0,0,8,9,2,1,6
5582,3,3256216823536446309,0,0,0,8,7,3,2,4
5583,3,-6188348850245202245,0,2,2,10,1,5,2,16
5584,3,7173113776923331691,0,2,2,10,2,4,1,15
5585,3,-4681747411543063339,0,1,1,12,1,3,1,5
5586,3,-1560535847458000267,0,0,0,9,2,3,1,9
5587,3,-7589496916981015020,0,1,1,11,1,3,1,8
5588,3,2195553104097945539,0,2,2,10,2,4,2,14
5589,3,336400940790946288,0,1,1,13,2,4,1,7
5590,3,-9049054022870666990,0,1,1,9,1,3,2,9
5591,3,-5556137518433723966,0,1,1,7,9,2,2,8
5592,3,612309202362839092,0,1,1,9,1,3,2,9
5593,3,2253070402896926582,0,1,1,11,1,4,1,13
5594,3,-858229313015276579,0,0,0,10,3,3,1,7
5595,3,-140324050608745601,0,1,1,11,2,4,2,9
5596,3,262616721790361786,0,2,2,10,1,4,2,10
5597,3,-1335357168409039349,0,0,0,8,2,4,2,11
5598,3,3252061767269220295,0,0,0,9,1,5,2,16
5599,3,-3411240095988965513,0,1,1,10,3,3,1,9
5600,3,1024789133695761889,0,2,2,10,1,4,2,11
5601,3,8742429526073263109,0,0,0,10,1,4,1,10
5602,3,6527057059519035546,0,2,2,11,3,4,1,10
5603,3,8998242274587324108,0,0,0,9,1,3,1,7
5604,3,265199930948088908,0,2,2,9,2,3,1,9
5605,3,-6049826363957413905,0,1,1,9,3,4,2,10
5606,3,-6290439763620432016,0,2,2,9,1,3,1,13
5607,3,-1822843008636077551,0,0,0,9,2,3,1,7
5608,3,-8021877975860852944,0,0,0,8,9,3,2,10
5609,3,4145057943603049224,0,1,1,11,1,4,1,13
5610,3,2820880658916563258,0,2,2,12,1,5,2,12
5611,3,-2008873961112126512,0,0,0,9,2,4,2,12
5612,3,-5559170521055768874,0,2,2,8,1,3,1,10
5613,3,2672563360734579649,0,1,1,9,4,4,2,16
5614,3,-1157060819415397062,0,2,2,9,2,3,1,9
5615,3,5305258751120210692,0,1,1,10,4,3,2,6
5616,3,-1503708172471531748,0,1,1,7,1,3,2,10
5617,3,6404540907718031427,0,0,0,10,2,5,2,14
5618,3,2463304582008114057,0,1,1,10,3,4,2,8
5619,3,-2028061731340147297,0,0,0,9,5,4,1,15
5620,3,-6954824191402693131,0,2,2,9,2,3,1,11
5621,3,-6209589454713663257,0,1,1,7,4,3,2,12
5622,3,-4929981655144883310,0,2,2,10,1,5,2,15
5623,3,4847023264319978246,0,1,1,7,8,2,2,4
5624,3,535996570513895908,0,2,2,9,2,3,1,13
5625,3,5345782280822366907,0,0,0,11,3,5,2,10
5626,3,-2434461344818107755,0,1,1,12,5,4,2,8
5627,3,3100902825731901072,0,0,0,10,7,5,2,15
5628,3,7269917304519520389,0,1,1,7,4,3,2,11
5629,3,2094288501019660804,0,0,0,6,5,2,1,6
5630,3,-7338666070217100763,0,2,2,9,6,3,2,10
5631,3,-6295081915108005366,0,0,0,10,3,4,1,9
5632,3,4099067075516269829,0,1,1,10,3,3,1,9
5633,3,-7684396193902883658,0,0,0,12,4,6,2,17
5634,3,-1957622276453159254,0,1,1,9,2,4,2,16
5635,3,6184265628413212725,0,0,0,9,4,3,1,8
5636,3,-7316823958258129243,0,1,1,12,4,5,2,13
5637,3,-3813304690169606914,0,1,1,13,5,2,1,3
5638,3,163126479132960224,0,0,0,9,1,4,1,14
5639,3,783985608060165959,0,1,1,11,2,3,1,5
5640,3,-3189333387267532998,0,1,1,11,2,4,2,13
5641,3,4181945902684400569,0,0,0,10,1,4,1,9
5642,3,5083484151152983382,0,1,1,10,3,2,1,3
5643,3,6012224187613979494,0,0,0,13,3,6,2,13
5644,3,-1163136778616233552,0,0,0,9,3,4,1,15
5645,3,3258380451917185786,0,2,2,9,2,4,2,12
5646,3,-4594282622694432528,0,0,0,7,5,3,2,8
5647,3,5492329253714438448,0,0,0,8,1,5,2,20
5648,3,-980035349304137598,0,0,0,12,3,6,2,18
5649,3,3637355087213535368,0,2,2,12,1,5,2,12
5650,3,1045920517810452838,0,0,0,9,6,4,1,13
5651,3,3204796710880022582,0,0,0,8,4,3,1,7
5652,3,533707191381378116,0,1,1,9,1,3,2,7
5653,3,1317927034634553437,0,1,1,11,4,3,1,7
5654,3,6932266860353663683,0,2,2,13,3,5,2,11
5655,3,-6775788171280196228,0,0,0,10,2,3,1,6
5656,3,1816549821121901082,0,2,2,9,2,4,2,11
5657,3,-5786804503351834840,0,1,1,8,3,3,2,8
5658,3,6568536159677518566,0,1,1,11,4,3,1,5
5659,3,5966736368777901563,0,1,1,12,1,6,2,16
5660,3,-2336932388593479106,0,1,1,8,4,2,1,6
5661,3,-1966385967267031860,0,1,1,9,3,2,1,7
5662,3,8466223009595940868,0,0,0,10,3,3,1,4
5663,3,5512017847903021344,0,0,0,13,4,6,2,12
5664,3,-6204096969026275714,0,0,0,10,4,4,1,13
5665,3,-1740543161881065761,0,1,1,11,3,4,2,10
5666,3,2066080514772850468,0,0,0,10,3,5,2,14
5667,3,-2022694257917998262,0,0,0,6,3,4,2,20
5668,3,-2551110810810384197,0,2,2,11,3,4,2,9
5669,3,535250262581105452,0,2,2,12,1,5,2,14
5670,3,-2269756181628767582,0,0,0,9,7,4,1,17
5671,3,-8195214681185296305,0,0,0,9,4,4,1,14
5672,3,6317776585720516971,0,1,1,9,2,3,2,8
5673,3,-8074681007699140047,0,0,0,9,2,4,1,15
5674,3,-5012052143015886676,0,1,1,9,4,2,1,5
5675,3,-8726890655624276488,0,0,0,10,2,4,1,8
5676,3,-4373075351542397417,0,1,1,13,3,6,2,16
5677,3,-9036272601757961822,0,2,2,10,3,3,1,8
5678,3,8351761845661944264,0,1,1,13,1,4,2,7
5679,3,-6134282417188417920,0,2,2,6,6,3,2,15
5680,3,932546623271143390,0,0,0,10,5,4,1,11
5681,3,6467783980127848164,0,1,1,10,1,4,2,7
5682,3,2329310185411938124,0,2,2,10,1,4,1,14
5683,3,-3554037096712406247,0,0,0,10,2,3,1,7
5684,3,3893066132971973104,0,2,2,10,1,5,2,16
5685,3,8720981240117080467,0,1,1,9,4,2,1,7
5686,3,-7330512092700481051,0,0,0,11,6,4,1,11
5687,3,-645593250083797401,0,0,0,10,2,4,1,11
5688,3,-888641352753539051,0,2,2,11,3,5,2,14
5689,3,1084817478053567996,0,0,0,11,2,5,2,12
5690,3,-804758036535775215,0,1,1,11,1,3,1,4
5691,3,5343881092068298498,0,1,1,14,1,5,2,10
5692,3,-8891130320413403868,0,0,0,9,4,3,1,6
5693,3,2262878748882483107,0,1,1,13,1,5,2,12
5694,3,-2517818019038999388,0,0,0,8,2,4,2,10
5695,3,4809551363296096761,0,0,0,12,2,4,1,8
5696,3,-7969399702752523892,0,1,1,7,7,2,2,4
5697,3,2524843847965809599,0,1,1,7,5,2,2,6
5698,3,-489408925672432313,0,0,0,12,2,4,1,7
5699,3,-6158768898587351734,0,0,0,8,3,4,1,15
5700,3,-2256331168202300978,0,1,1,10,5,2,1,4
5701,3,3332949923593722809,0,2,2,11,2,5,2,15
5702,3,7928293512495984884,0,2,2,9,5,4,2,12
5703,3,2756153408437477995,0,1,1,9,6,2,1,7
5704,3,2876405070725627136,0,1,1,7,9,2,2,4
5705,3,-3234799734555111503,0,1,1,13,1,4,1,10
5706,3,-3141821548999303556,0,0,0,12,2,6,2,13
5707,3,-6250726404534181692,0,1,1,8,7,3,2,9
5708,3,5114828847700405068,0,2,2,10,3,5,2,17
5709,3,554948831907510521,0,0,0,11,2,4,1,8
5710,3,1441635793937492737,0,0,0,13,2,6,2,15
5711,3,-345508517365784526,0,2,2,11,2,5,2,12
5712,3,-3782954254388839313,0,1,1,11,4,3,2,5
5713,3,3447789755421521048,0,1,1,7,9,2,2,4
5714,3,-3898315151266152324,0,1,1,11,4,4,1,9
5715,3,-7597906555308555386,0,1,1,9,7,3,2,9
5716,3,-5850393650773139910,0,2,2,12,1,6,2,16
5717,3,718558619755281864,0,0,0,9,2,5,2,16
5718,3,2023438257053479992,0,1,1,9,5,2,1,5
5719,3,-8447587824426190076,0,0,0,11,5,4,1,11
5720,3,-2314450885120881900,0,2,2,9,4,3,1,7
5721,3,-6391392621636714376,0,0,0,7,4,4,2,16
5722,3,2126387901877099861,0,2,2,8,7,3,2,9
5723,3,-5086325161712894235,0,1,1,9,3,4,2,14
5724,3,5814466682723043447,0,0,0,11,1,5,2,13
5725,3,-4059009791447778358,0,2,2,9,2,4,2,12
5726,3,3469782694606142278,0,0,0,13,1,5,1,12
5727,3,-5065135639670548011,0,0,0,13,3,7,2,16
5728,3,-1383445553021782673,0,0,0,8,7,4,2,10
5729,3,-1620968996450077546,0,1,1,9,2,3,1,10
5730,3,2663295169768713299,0,1,1,7,8,2,2,8
5731,3,-1582248737033501835,0,1,1,10,2,3,1,8
5732,3,1522653395691497758,0,0,0,11,2,5,2,12
5733,3,2220768180851210214,0,1,1,13,1,4,2,9
5734,3,3739996958128010264,0,2,2,10,4,3,1,6
5735,3,-4931385771641353510,0,0,0,11,3,5,2,14
5736,3,-343624914613903046,0,2,2,10,2,4,1,12
5737,3,4631946738335018360,0,1,1,10,7,3,2,5
5738,3,5220648995275002372,0,0,0,7,8,3,2,8
5739,3,1148628023677096204,0,1,1,11,2,4,1,13
5740,3,8972020732173648013,0,0,0,10,3,5,2,13
5741,3,7470290073850083903,0,0,0,11,2,4,1,9
5742,3,-8565103818005960741,0,2,2,10,1,3,1,5
5743,3,-7653585889752116344,0,1,1,9,2,2,1,9
5744,3,-1425413376482665100,0,1,1,9,2,4,2,12
5745,3,-5526027584057855262,0,0,0,8,4,5,2,20
5746,3,8291024303473717301,0,2,2,11,5,4,1,9
5747,3,7812164621405095615,0,2,2,13,1,5,2,9
5748,3,-7987585879294861215,0,2,2,12,1,5,2,10
5749,3,3766824573419216444,0,0,0,12,3,5,2,12
5750,3,6666608481080034556,0,0,0,7,4,3,1,12
5751,3,-294809170443059051,0,1,1,12,1,4,1,7
5752,3,8818311997311726170,0,2,2,8,2,3,2,8
5753,3,-7965361645356578854,0,2,2,7,4,2,1,6
5754,3,-5471888727490693646,0,0,0,8,6,4,2,12
5755,3,-2692209866257992990,0,0,0,8,5,4,2,14
5756,3,-5441786173961290889,0,1,1,10,5,3,1,9
5757,3,6472139113958531712,0,2,2,10,1,5,2,17
5758,3,-2614961257933344983,0,1,1,11,2,5,2,15
5759,3,-3621541993576516108,0,1,1,9,2,4,2,12
5760,3,-2952124798854811289,0,1,1,8,4,3,2,10
5761,3,4061814771688569508,0,2,2,12,4,5,2,13
5762,3,1305472736565030793,0,1,1,11,2,3,1,7
5763,3,7941551552023520012,0,1,1,9,3,3,1,12
5764,3,6368698777570293228,0,1,1,8,2,3,1,11
5765,3,4376121504773683441,0,0,0,11,2,4,1,11
5766,3,8494449094816894797,0,0,0,12,2,5,1,9
5767,3,-4571204787787874596,0,1,1,11,5,4,1,9
5768,3,1439062749088417114,0,2,2,9,3,2,1,6
5769,3,3698778407046460614,0,0,0,11,3,5,2,12
5770,3,-3360141246632978810,0,1,1,9,1,3,1,13
5771,3,1819791109734102031,0,1,1,8,7,3,2,12
5772,3,-745246640412314340,0,1,1,13,4,5,2,12
5773,3,-7454369039047108939,0,1,1,9,5,4,2,14
5774,3,-8673276024665857129,0,0,0,10,5,4,1,10
5775,3,-263702535943234111,0,0,0,10,4,6,2,20
5776,3,-3827356782218395088,0,1,1,8,4,3,2,12
5777,3,749532175732361988,0,1,1,8,4,3,2,9
5778,3,-5950378286346493513,0,1,1,8,1,2,1,6
5779,3,4828217917467173379,0,1,1,12,6,3,2,6
5780,3,-3413684274779295834,0,1,1,10,3,3,2,7
5781,3,4363827154096538671,0,2,2,10,1,5,2,19
5782,3,1389099346080173938,0,1,1,12,2,5,2,11
5783,3,-5334534009702409127,0,1,1,9,4,4,2,14
5784,3,-5519315040583092956,0,1,1,12,1,4,1,10
5785,3,6543005162562751844,0,1,1,13,2,5,1,14
5786,3,-4019766056930372312,0,0,0,11,1,5,1,17
5787,3,8641901163731654715,0,1,1,7,4,2,1,8
5788,3,6693164136773287269,0,1,1,9,2,3,1,11
5789,3,8516679503350590725,0,1,1,9,4,3,2,5
5790,3,7389319514575858573,0,1,1,8,4,2,1,6
5791,3,1117488697053404055,0,1,1,9,3,3,2,8
5792,3,1787182546173031605,0,1,1,11,2,5,2,14
5793,3,1266351025356920618,0,0,0,8,1,5,2,20
5794,3,5676638354873618983,0,2,2,9,1,3,1,9
5795,3,-7179630306534784691,0,2,2,11,4,4,2,9
5796,3,5851461044647176055,0,2,2,11,3,4,1,10
5797,3,2463646926873751580,0,0,0,11,2,5,2,14
5798,3,-3554346955783514668,0,1,1,11,2,3,2,3
5799,3,-4074384094548548686,0,2,2,11,5,5,2,14
5800,3,6941254704569397407,0,0,0,7,8,3,1,12
5801,3,-2197494859481293093,0,2,2,11,3,4,2,14
5802,3,1505711266435278657,0,1,1,9,2,4,2,14
5803,3,5378575053051352846,0,0,0,9,4,4,2,10
5804,3,-4860535829249509319,0,0,0,10,1,4,1,9
5805,3,-7094838350889390182,0,0,0,7,7,3,2,10
5806,3,-4910271339426725517,0,1,1,9,2,3,1,8
5807,3,-9221631117833767906,0,2,2,10,1,4,2,11
5808,3,1238677900176884192,0,1,1,11,1,5,2,14
5809,3,5570941536230999613,0,0,0,10,3,5,2,12
5810,3,-6295268474627579838,0,0,0,8,2,4,1,17
5811,3,5028488147619426962,0,2,2,11,2,5,2,14
5812,3,-5963196850319799481,0,2,2,13,2,5,2,16
5813,3,1093094400528736482,0,2,2,9,1,4,2,12
5814,3,-783280183567202599,0,0,0,8,8,3,1,7
5815,3,-6382061631115783280,0,0,0,9,3,3,1,10
5816,3,1092461519999990452,0,0,0,11,7,4,2,13
5817,3,-2369838151240340907,0,1,1,12,2,5,2,12
5818,3,-7004469158875015624,0,1,1,10,3,4,2,9
5819,3,3001268992837721135,0,0,0,12,1,5,1,11
5820,3,4274102895135104384,0,1,1,11,3,5,2,17
5821,3,-4365608390381871974,0,0,0,10,2,5,2,13
5822,3,-4783466789131390030,0,2,2,8,2,3,2,7
5823,3,5347930151391289341,0,1,1,9,3,2,1,4
5824,3,-515375610372245864,0,2,2,10,1,3,1,7
5825,3,7358878630574191463,0,1,1,9,6,4,2,12
5826,3,1816847312846126959,0,2,2,11,3,3,1,5
5827,3,-4492777074109195398,0,1,1,13,1,4,1,9
5828,3,498165081075637503,0,0,0,7,7,3,2,10
5829,3,-7908845780308169049,0,2,2,8,3,3,2,7
5830,3,876925579566553835,0,1,1,11,3,3,1,6
5831,3,6382115672862662299,0,0,0,10,5,4,1,14
5832,3,-2696052536164963766,0,0,0,12,2,5,2,8
5833,3,6029195523649676536,0,1,1,7,6,2,2,4
5834,3,-4034862335491375243,0,2,2,10,3,4,1,15
5835,3,-5840818204320315576,0,1,1,10,1,4,2,13
5836,3,8929604987734161698,0,1,1,7,3,3,2,10
5837,3,-8556952266245183954,0,1,1,10,2,2,1,6
5838,3,3920926829047981233,0,0,0,10,5,5,2,12
5839,3,2857996501290830813,0,1,1,8,7,3,2,8
5840,3,-6414997835999251514,0,0,0,12,1,6,2,16
5841,3,-8039976185052402226,0,1,1,8,3,4,2,16
5842,3,-1827001822241638633,0,1,1,8,2,3,2,8
5843,3,5128032880585184685,0,0,0,11,4,6,2,16
5844,3,7760133900121731718,0,1,1,9,3,4,2,14
5845,3,5938685403795334547,0,1,1,9,2,4,2,12
5846,3,-5752717036922118543,0,1,1,9,7,3,2,5
5847,3,4036492360445553530,0,0,0,9,8,4,2,14
5848,3,2742880772694878793,0,1,1,10,1,3,1,11
5849,3,7127642096031381485,0,1,1,11,1,5,2,14
5850,3,-722107055048797087,0,1,1,8,7,3,2,10
5851,3,-3121754935498560513,0,1,1,7,4,3,2,12
5852,3,-3609082696543327480,0,1,1,11,3,4,2,13
5853,3,1199198560221295229,0,2,2,10,3,3,1,9
5854,3,-4593587073515566375,0,2,2,9,2,3,1,11
5855,3,-8511810710859261850,0,0,0,13,1,5,1,9
5856,3,5489044677671136848,0,0,0,12,4,5,1,13
5857,3,4636176540423944347,0,1,1,10,6,4,2,10
5858,3,3754408092343575201,0,0,0,9,4,4,1,15
5859,3,-6823351844464464174,0,0,0,12,3,6,2,14
5860,3,-5070684738227882556,0,0,0,9,4,5,2,16
5861,3,-6122735963896953392,0,1,1,9,2,3,1,11
5862,3,5456059665736462804,0,1,1,9,1,4,2,12
5863,3,618502906011587799,0,0,0,10,3,3,1,9
5864,3,2979809089893562777,0,0,0,9,5,3,1,10
5865,3,-6875444605011984292,0,1,1,9,5,4,2,14
5866,3,1379590863898794595,0,0,0,7,5,3,2,10
5867,3,8404293530180981245,0,0,0,8,2,3,1,11
5868,3,-1772586007807252711,0,1,1,7,7,2,1,6
5869,3,-4615777808599508047,0,0,0,10,5,4,1,11
5870,3,1760174618926067856,0,2,2,11,4,3,1,9
5871,3,-3026060336120128960,0,0,0,10,2,4,1,11
5872,3,-2127468215812231392,0,2,2,10,1,3,1,12
5873,3,3354461685743241974,0,2,2,10,2,4,2,9
5874,3,3454011626350604661,0,0,0,13,3,5,1,11
5875,3,7981512221027035283,0,0,0,12,3,5,2,8
5876,3,5591164310297765026,0,1,1,8,2,3,2,10
5877,3,-5128304797664656507,0,0,0,8,3,3,1,11
5878,3,2885564118019508603,0,2,2,6,5,3,2,15
5879,3,9146576410915055960,0,0,0,10,3,6,2,20
5880,3,7277420261373979427,0,0,0,10,5,4,2,8
5881,3,-1315439574148558995,0,0,0,8,8,4,2,14
5882,3,-8535032157657437469,0,0,0,11,3,5,2,11
5883,3,7540996222009390313,0,1,1,11,1,4,1,8
5884,3,-6353788540769307331,0,2,2,11,1,4,2,12
5885,3,-5201639496654606352,0,0,0,9,5,4,2,8
5886,3,895071717753156672,0,0,0,8,2,3,1,11
5887,3,7028128529780152851,0,0,0,8,5,4,2,14
5888,3,-4156370971065691362,0,2,2,10,3,4,1,10
5889,3,3321915364412837894,0,0,0,9,1,4,1,11
5890,3,-375183533745264901,0,1,1,9,7,2,1,7
5891,3,4820301096504227990,0,1,1,8,1,3,2,9
5892,3,-393907892915023609,0,0,0,8,5,4,2,12
5893,3,6343755837711566553,0,1,1,7,8,2,1,6
5894,3,6222869802415009230,0,0,0,11,1,4,1,13
5895,3,-3545901147941524570,0,0,0,9,1,5,2,16
5896,3,9211630183064036814,0,0,0,10,2,5,2,14
5897,3,7430177257681267271,0,2,2,9,3,3,2,7
5898,3,3926785016953811786,0,2,2,12,1,4,1,8
5899,3,-3740823645320788883,0,1,1,8,3,3,2,10
5900,3,7184814408737108317,0,1,1,9,6,2,1,4
5901,3,8776398808242041187,0,2,2,11,1,6,2,20
5902,3,9207262445886310481,0,0,0,10,2,4,1,13
5903,3,-5766553609742134138,0,1,1,8,3,3,2,7
5904,3,-534468571973711055,0,0,0,9,5,3,1,6
5905,3,5995806966462162677,0,1,1,12,2,2,1,2
5906,3,-4051427481869051236,0,0,0,10,1,6,2,20
5907,3,2857422488661231748,0,0,0,13,3,5,1,11
5908,3,-3909690444684926757,0,1,1,8,7,3,2,10
5909,3,-7824345787563299851,0,1,1,13,3,6,2,12
5910,3,-990519350977610954,0,2,2,9,2,4,2,11
5911,3,-5107242371975015831,0,0,0,13,1,6,2,14
5912,3,975578121478988930,0,1,1,9,6,3,2,7
5913,3,-1990295421733811693,0,0,0,12,2,6,2,13
5914,3,-2943561183005494018,0,2,2,8,4,2,1,7
5915,3,-2432828311844232145,0,0,0,12,3,5,2,10
5916,3,4138095473591454560,0,1,1,9,5,3,2,8
5917,3,4604283728265664050,0,2,2,9,6,4,2,12
5918,3,791196266368152362,0,0,0,8,1,4,2,16
5919,3,8182101092953438787,0,0,0,10,3,4,1,10
5920,3,-8532811026726101951,0,2,2,10,2,4,1,17
5921,3,-1505769472041901335,0,2,2,9,3,3,1,11
5922,3,-5364904119215818817,0,0,0,8,6,3,1,11
5923,3,40056611110942212,0,1,1,11,3,3,1,8
5924,3,295946792365624839,0,2,2,10,4,4,2,12
5925,3,313089947215495937,0,1,1,11,4,5,2,13
5926,3,4401446937344369178,0,0,0,10,1,5,2,13
5927,3,-7252985230681880503,0,1,1,11,2,4,1,12
5928,3,-4750330515642681816,0,0,0,7,6,3,2,10
5929,3,-8609917668386366470,0,0,0,10,2,6,2,20
5930,3,7941329488689448298,0,0,0,8,5,4,2,12
5931,3,418863201170074584,0,0,0,10,2,5,2,14
5932,3,-1228650002301794514,0,1,1,11,1,5,2,15
5933,3,-8852972368149706619,0,0,0,11,1,5,2,14
5934,3,-5523256793427439821,0,1,1,12,1,4,2,7
5935,3,-4401891958413938704,0,2,2,10,3,3,1,11
5936,3,-5974746288851116234,0,2,2,10,3,4,2,9
5937,3,-4263150581351625973,0,0,0,11,1,5,2,9
5938,3,-2271124315505934900,0,0,0,7,7,2,1,7
5939,3,5664248043512599232,0,2,2,11,2,5,2,10
5940,3,314981203168683634,0,0,0,11,1,5,2,12
5941,3,-6637083010928930779,0,0,0,8,1,4,2,10
5942,3,1321910339190957794,0,1,1,9,3,4,2,12
5943,3,-35293570323403795,0,1,1,9,1,2,1,5
5944,3,8520805730354757031,0,2,2,8,3,3,2,7
5945,3,-2082358991097118431,0,1,1,10,2,4,2,10
5946,3,2486549264536604147,0,2,2,9,3,3,1,9
5947,3,8456696844450965264,0,0,0,9,3,4,1,11
5948,3,-2838827490877096784,0,1,1,10,6,2,1,6
5949,3,4550342765384656516,0,2,2,11,2,4,2,9
5950,3,4317182528405867220,0,2,2,8,3,3,2,7
5951,3,3301577570729102902,0,0,0,8,1,4,2,14
5952,3,-626820401121935111,0,2,2,6,6,3,2,15
5953,3,5411957767689165443,0,1,1,12,1,4,1,6
5954,3,3299591756371902508,0,2,2,10,3,4,1,14
5955,3,-3079764163119930274,0,2,2,7,6,3,2,10
5956,3,5936857980468923396,0,1,1,8,8,1,1,3
5957,3,-8295408080593925240,0,0,0,11,4,3,1,8
5958,3,3824099549379027446,0,2,2,13,2,4,1,8
5959,3,3279235565358157823,0,1,1,11,1,3,1,9
5960,3,-3372570522421562905,0,2,2,9,1,4,2,14
5961,3,2497318285309710003,0,2,2,8,6,2,1,7
5962,3,1633328488669023235,0,1,1,9,3,3,1,12
5963,3,-1101114561315121793,0,0,0,9,5,3,1,8
5964,3,5248455811863959500,0,1,1,12,2,5,2,12
5965,3,5239377136516481622,0,1,1,8,1,3,2,10
5966,3,-8121368777840269195,0,0,0,11,5,4,2,8
5967,3,-1524879650601983556,0,2,2,11,1,5,2,13
5968,3,4821776198619284081,0,1,1,9,8,3,2,8
5969,3,-1219792957098246024,0,0,0,9,4,4,1,15
5970,3,5739915147037156934,0,1,1,9,8,3,2,10
5971,3,-6892165225687391097,0,1,1,8,5,3,2,8
5972,3,-8690777396001885018,0,1,1,9,6,2,2,4
5973,3,3383201487141790035,0,2,2,8,4,4,2,15
5974,3,-706500890221264961,0,0,0,9,1,5,2,16
5975,3,4414170531245636389,0,0,0,11,1,5,1,15
5976,3,-8438570299186586159,0,1,1,8,4,2,1,6
5977,3,-2886285160158622249,0,2,2,12,1,4,2,8
5978,3,-5064478343081586431,0,2,2,11,2,6,2,20
5979,3,3708347777464019661,0,0,0,8,6,4,2,16
5980,3,646420275825285229,0,0,0,9,4,5,2,16
5981,3,9032573385295274533,0,1,1,8,2,3,2,12
5982,3,-4425018952121270657,0,1,1,9,6,1,1,2
5983,3,-2014726355869095124,0,0,0,9,2,5,2,16
5984,3,-4606108586462594938,0,1,1,10,3,4,2,8
5985,3,7218834226163097620,0,1,1,11,8,3,2,6
5986,3,-9052780516093826174,0,1,1,7,7,1,1,2
5987,3,-1509177390466957085,0,0,0,10,7,4,2,11
5988,3,8879554352451594814,0,1,1,10,4,4,2,8
5989,3,8261858498000630191,0,0,0,11,5,4,1,8
5990,3,-5479763430037897052,0,0,0,8,6,4,2,14
5991,3,3019669025921198088,0,1,1,15,2,5,1,9
5992,3,6028421411968639052,0,2,2,8,4,3,2,11
5993,3,-3869614768804987980,0,0,0,6,4,3,1,15
5994,3,1205643034402406997,0,0,0,10,3,5,2,14
5995,3,8672107463464750753,0,2,2,11,1,5,2,13
5996,3,6554253854189064824,0,0,0,11,2,4,1,12
5997,3,425420946791219223,0,0,0,13,2,5,1,12
5998,3,3549858402805643098,0,1,1,11,1,5,2,12
5999,3,-526513630548074708,0,1,1,9,5,3,1,5
6000,3,-6022940072571450336,0,1,1,9,2,4,2,14
6001,3,3241626171911491709,0,1,1,9,3,3,2,9
6002,3,-9047192601660858552,0,0,0,10,1,4,1,9
6003,3,7481146213949971226,0,1,1,11,1,4,2,6
6004,3,4225726992295479991,0,1,1,8,3,3,2,8
6005,3,5656838000150106306,0,1,1,7,7,2,2,6
6006,3,-5602380795243874035,0,2,2,13,4,4,1,10
6007,3,7351075766793880911,0,0,0,8,1,4,2,10
6008,3,-8309067151871169472,0,0,0,12,2,5,1,10
6009,3,6697247729812490611,0,0,0,9,9,3,2,8
6010,3,8752662470461888872,0,0,0,8,6,2,1,6
6011,3,-6790826980971062108,0,0,0,7,5,3,2,10
6012,3,298573813087268311,0,1,1,9,4,3,2,4
6013,3,6202354885239507540,0,0,0,11,1,5,2,14
6014,3,3604092753521332588,0,0,0,10,3,5,2,14
6015,3,141196078952998502,0,1,1,11,1,5,2,12
6016,3,3750048508065397288,0,1,1,8,4,3,2,10
6017,3,-506893996651651876,0,0,0,9,4,4,2,12
6018,3,4307839254842483969,0,0,0,7,8,2,1,9
6019,3,7589342256148957396,0,1,1,14,1,5,1,11
6020,3,5081655288706107382,0,0,0,13,1,6,2,16
6021,3,5551617375142971060,0,0,0,8,5,3,1,11
6022,3,-3742831403228933789,0,1,1,8,4,3,2,10
6023,3,8126089596494804388,0,1,1,7,6,3,2,10
6024,3,7891824851725486230,0,2,2,13,1,5,2,9
6025,3,382973202358869052,0,1,1,8,5,3,2,10
6026,3,7349118552813495201,0,2,2,14,1,5,1,9
6027,3,-8996937429154634626,0,1,1,9,1,3,1,10
6028,3,-2232524512193517967,0,0,0,10,3,4,1,12
6029,3,6558780202134741766,0,0,0,6,8,3,2,10
6030,3,-1968863247092883681,0,0,0,13,2,7,2,18
6031,3,1771905493738773887,0,2,2,9,3,4,2,13
6032,3,-319377141223206010,0,0,0,10,3,5,2,10
6033,3,6005431973708366937,0,0,0,9,5,3,1,7
6034,3,-5636478950686116843,0,1,1,10,4,4,1,11
6035,3,7811288638193669048,0,0,0,9,1,5,2,18
6036,3,-7194875431908939803,0,0,0,11,1,4,1,12
6037,3,-8940063617559146577,0,2,2,10,3,4,2,10
6038,3,9063525247460247053,0,2,2,8,1,2,1,7
6039,3,-1429151611259744339,0,0,0,11,2,5,1,11
6040,3,1338760075183902773,0,0,0,12,1,5,1,13
6041,3,5936189564243660087,0,2,2,10,3,2,1,7
6042,3,-7976287569320852887,0,1,1,10,4,4,2,13
6043,3,-3785095417563354665,0,0,0,13,1,6,2,14
6044,3,-9080853187883873233,0,1,1,10,1,3,1,12
6045,3,6551242875980308564,0,0,0,9,6,3,1,7
6046,3,-7416189910478158118,0,0,0,9,6,4,1,15
6047,3,-7233113440702638814,0,2,2,9,3,4,2,14
6048,3,-3235347881911419616,0,2,2,9,3,4,2,12
6049,3,2515333520061020700,0,1,1,10,4,2,1,4
6050,3,-6884332419548194838,0,0,0,11,2,5,1,13
6051,3,-9005805847662069392,0,0,0,9,5,4,1,13
6052,3,466753568900580459,0,0,0,9,3,4,1,12
6053,3,8935201837739662297,0,0,0,8,3,4,2,12
6054,3,-3987869354047428749,0,1,1,9,1,4,2,10
6055,3,-5461928484298318317,0,2,2,10,2,4,1,13
6056,3,-816910871635135995,0,0,0,8,5,4,2,16
6057,3,357480572544838028,0,1,1,11,2,3,1,6
6058,3,3242986631448046374,0,1,1,7,1,3,2,10
6059,3,1201647710377682007,0,0,0,9,3,3,1,9
6060,3,5842837653001339639,0,2,2,10,1,3,1,10
6061,3,397958588526546021,0,2,2,10,4,4,2,11
6062,3,5689227290174751494,0,0,0,8,5,4,2,15
6063,3,8651604365332402678,0,0,0,11,1,6,2,16
6064,3,1315738244212764640,0,1,1,10,1,3,2,8
6065,3,8851432779059307852,0,2,2,11,3,5,2,14
6066,3,6242363633024774122,0,0,0,7,5,2,1,7
6067,3,2319383336805034914,0,0,0,9,5,5,2,16
6068,3,4061604803457747824,0,0,0,10,3,4,1,11
6069,3,-8478760739115495588,0,0,0,9,5,2,1,5
6070,3,8007475969672960510,0,0,0,9,7,3,1,8
6071,3,8580399754885734270,0,1,1,12,1,4,1,11
6072,3,5293506936209961198,0,1,1,10,8,2,2,6
6073,3,-5112823548250869150,0,2,2,12,3,4,1,8
6074,3,-8655467957461358782,0,0,0,10,5,4,1,10
6075,3,8942055073962639269,0,1,1,7,5,3,2,12
6076,3,-4552349142305406285,0,2,2,13,3,5,1,13
6077,3,3873767741101679970,0,1,1,13,1,6,2,14
6078,3,-3545182974805548534,0,2,2,12,1,5,2,13
6079,3,3575071943519849634,0,0,0,13,2,6,1,15
6080,3,2102694895883843757,0,1,1,9,4,2,1,7
6081,3,4360906623243919634,0,0,0,11,5,4,2,7
6082,3,5259256394955337596,0,0,0,11,3,5,1,16
6083,3,-4256377094228127754,0,1,1,10,4,3,2,7
6084,3,3448439991940464349,0,0,0,7,5,2,1,5
6085,3,1897294392773771870,0,0,0,11,1,5,2,10
6086,3,736455396180497941,0,1,1,10,5,4,2,13
6087,3,5649048709581473430,0,1,1,11,2,5,2,16
6088,3,-3670523209585826855,0,1,1,9,1,3,1,8
6089,3,-6909084901101331230,0,2,2,10,2,3,1,7
6090,3,-5939559041923410908,0,2,2,9,4,4,2,11
6091,3,-7499633015477609622,0,0,0,10,1,4,1,8
6092,3,277640674313557835,0,0,0,12,4,3,1,7
6093,3,-1997807674369614477,0,1,1,11,1,5,2,12
6094,3,-2610033934665513394,0,1,1,9,4,2,1,7
6095,3,3194109769095918031,0,1,1,9,6,3,2,10
6096,3,-7888496203690182544,0,2,2,9,1,4,2,12
6097,3,746766354653527191,0,1,1,13,2,6,2,14
6098,3,-2430892995208045048,0,1,1,10,2,3,1,10
6099,3,1024684111220867094,0,1,1,9,3,3,2,9
6100,3,7092087471114351769,0,2,2,10,1,5,2,16
6101,3,7550196823803035911,0,1,1,9,4,4,2,12
6102,3,8642982641460979744,0,0,0,12,4,5,1,9
6103,3,-2784899649921435133,0,1,1,10,1,4,2,6
6104,3,8391050150612727213,0,1,1,10,2,3,1,11
6105,3,-3712957399403015628,0,0,0,8,3,4,2,10
6106,3,9165079774805828405,0,1,1,10,2,4,2,8
6107,3,-4781555179704087730,0,0,0,14,1,6,1,11
6108,3,-3619219691993816922,0,1,1,10,3,2,1,4
6109,3,-3817848731780932928,0,1,1,10,5,3,2,8
6110,3,-101941874766305734,0,2,2,12,2,4,1,10
6111,3,-5236440210303032794,0,2,2,10,1,5,2,16
6112,3,-6738367592603458545,0,1,1,8,4,2,1,8
6113,3,837966096474356480,0,0,0,11,2,5,1,15
6114,3,-838467455639546121,0,1,1,10,5,3,1,6
6115,3,-6634785559311791703,0,0,0,11,1,4,1,12
6116,3,3619269924541929101,0,0,0,9,4,3,1,7
6117,3,3453797192164936577,0,0,0,8,4,4,2,12
6118,3,2497712100847235208,0,0,0,10,6,5,2,12
6119,3,6335643682029900908,0,1,1,11,4,4,2,13
6120,3,-8572939182881741485,0,0,0,10,3,5,2,14
6121,3,-8247751241206222976,0,0,0,11,3,5,2,8
6122,3,-4254332958510065188,0,1,1,10,4,3,2,7
6123,3,-6521857492107471111,0,2,2,13,1,4,1,9
6124,3,-7142507210122620244,0,1,1,10,2,3,2,6
6125,3,4165033527949408112,0,0,0,8,1,5,2,20
6126,3,7590649189619223607,0,0,0,10,6,4,2,9
6127,3,6377683823842538060,0,0,0,8,5,4,2,14
6128,3,1066364692074103925,0,1,1,10,4,3,1,11
6129,3,89664399738573688,0,1,1,9,6,3,2,8
6130,3,-7026713125139969616,0,1,1,12,2,3,1,4
6131,3,-8592875104488001962,0,0,0,9,5,4,2,12
6132,3,3198240677914223263,0,1,1,12,6,3,2,5
6133,3,-4283040132294552077,0,0,0,7,8,2,1,5
6134,3,-6811441208683584588,0,2,2,11,2,5,2,17
6135,3,5121856833544545403,0,2,2,8,3,3,2,7
6136,3,-5972612184308611662,0,1,1,8,9,2,2,4
6137,3,6715785959188907502,0,1,1,10,4,3,1,5
6138,3,-5127715190083399295,0,0,0,13,2,7,2,16
6139,3,-7574120443489437165,0,0,0,7,6,3,1,10
6140,3,930491688453666117,0,1,1,10,1,4,2,11
6141,3,-7214034722479062611,0,1,1,14,2,6,2,12
6142,3,8392734367975462572,0,0,0,8,4,4,2,11
6143,3,-2795507184131740948,0,1,1,9,6,2,1,7
6144,3,6034469477439780487,0,2,2,10,3,4,2,12
6145,3,3143523021079146790,0,0,0,10,2,5,2,12
6146,3,-7187083344070559332,0,0,0,10,1,4,2,12
6147,3,5418239207538009030,0,2,2,15,1,6,2,12
6148,3,-8055095957504709959,0,0,0,7,9,3,2,8
6149,3,2597435823029635204,0,1,1,11,3,4,1,10
6150,3,3573763663575337484,0,2,2,10,3,4,2,7
6151,3,-146900594866852650,0,2,2,12,1,6,2,15
6152,3,5293128224489192882,0,2,2,12,4,5,1,13
6153,3,-2442029494016615771,0,0,0,8,7,3,2,6
6154,3,-8490930169853479027,0,0,0,11,4,3,1,4
6155,3,-5052093811751214012,0,1,1,7,2,3,2,14
6156,3,-5560231867939543974,0,0,0,10,1,5,2,10
6157,3,3353107750081395613,0,1,1,11,1,5,2,12
6158,3,3789686832647993345,0,0,0,11,5,5,1,13
6159,3,-7788507391383877460,0,2,2,10,2,5,2,15
6160,3,8802858145006644015,0,1,1,8,7,1,1,1
6161,3,-9115561384294763727,0,0,0,11,2,4,1,11
6162,3,712235852494880289,0,0,0,9,1,4,2,10
6163,3,-7531470304023833695,0,1,1,10,1,4,2,6
6164,3,-6953767598826957629,0,1,1,7,9,2,2,2
6165,3,8318011427431022429,0,1,1,14,2,5,2,7
6166,3,-8592147493894799367,0,0,0,9,6,4,2,6
6167,3,-3740774130164079578,0,1,1,8,5,2,1,6
6168,3,-2036369867344279493,0,0,0,9,2,5,2,16
6169,3,7711452092874778319,0,0,0,8,4,5,2,20
6170,3,6505302463852907879,0,1,1,11,2,4,2,12
6171,3,693585158829603123,0,1,1,11,2,4,1,14
6172,3,113304679901237202,0,0,0,10,2,5,2,12
6173,3,7536732183217036137,0,2,2,10,4,5,2,17
6174,3,-6241223584347310433,0,2,2,9,6,3,1,9
6175,3,-9009127557664605130,0,1,1,7,4,3,2,12
6176,3,1330115552525887316,0,2,2,9,2,3,1,9
6177,3,-5208968072967852862,0,0,0,10,5,4,1,9
6178,3,-3944800835890412887,0,1,1,11,1,4,1,10
6179,3,-6159991541793956977,0,1,1,10,2,4,2,14
6180,3,4016679147959245475,0,0,0,9,4,4,2,11
6181,3,8035513637009312422,0,1,1,9,5,3,1,10
6182,3,-9181722406293965343,0,1,1,11,7,3,1,6
6183,3,1768444729521272082,0,0,0,11,1,5,1,15
6184,3,-2443682890229287882,0,0,0,10,5,6,2,20
6185,3,-5253930940166203502,0,0,0,8,2,3,1,9
6186,3,3614651753923487863,0,1,1,10,2,3,1,8
6187,3,7476574181791961225,0,0,0,8,8,4,2,13
6188,3,-5204505207276323947,0,2,2,11,5,5,2,14
6189,3,-7849954262451057863,0,0,0,13,3,4,1,8
6190,3,395616198030421229,0,0,0,10,4,4,1,13
6191,3,-8051098475906487760,0,2,2,8,5,2,1,9
6192,3,-2838747534611250210,0,0,0,9,4,4,2,12
6193,3,-7344638645909887743,0,1,1,13,1,4,1,8
6194,3,2601034640515942044,0,0,0,10,3,3,1,6
6195,3,2725044065025035575,0,2,2,11,2,3,1,7
6196,3,3778400252741487171,0,1,1,9,6,2,2,4
6197,3,5612091146266422919,0,1,1,10,4,3,1,10
6198,3,1940768177324994607,0,1,1,8,5,3,2,10
6199,3,157119184404037188,0,2,2,11,2,4,2,11
6200,3,2275235354919281802,0,0,0,8,5,4,2,14
6201,3,-56551867496903145,0,2,2,11,3,5,2,15
6202,3,8147574129853641253,0,0,0,9,8,4,2,10
6203,3,5830536951511463406,0,0,0,11,4,5,2,14
6204,3,6238265429845950347,0,1,1,11,3,5,2,12
6205,3,1343979357654083892,0,1,1,8,1,3,2,10
6206,3,-8115043437451949741,0,0,0,9,5,5,2,16
6207,3,-6491046943106733245,0,2,2,8,6,4,2,17
6208,3,-9140156919227011658,0,1,1,10,3,4,2,10
6209,3,3830114439969969942,0,1,1,10,6,4,2,10
6210,3,2817334529848417632,0,0,0,11,2,4,1,8
6211,3,-4288410501043868093,0,1,1,12,2,4,2,6
6212,3,1895168342870279562,0,0,0,7,5,2,1,7
6213,3,-8141112446236892377,0,2,2,8,3,3,2,7
6214,3,6871643302591989576,0,1,1,5,8,2,2,10
6215,3,58601646023922274,0,1,1,11,3,3,1,8
6216,3,2719368612803301407,0,1,1,10,3,4,2,9
6217,3,5501933960957271941,0,1,1,9,3,3,2,10
6218,3,3758380139162789850,0,1,1,11,3,4,2,8
6219,3,-5610501190959978230,0,2,2,9,4,4,2,10
6220,3,2403161150585620381,0,1,1,11,1,5,2,14
6221,3,-2134642966773102716,0,1,1,9,2,3,1,8
6222,3,-7259640205738291654,0,1,1,10,5,3,2,8
6223,3,-1728102957331433,0,1,1,9,3,3,1,9
6224,3,3404872200198120899,0,2,2,11,4,5,2,16
6225,3,5845023699392967209,0,0,0,9,4,4,2,10
6226,3,3894381534882786911,0,0,0,9,3,4,1,15
6227,3,8151484880125507673,0,1,1,7,9,1,1,2
6228,3,-8390601270567697823,0,2,2,13,2,4,1,8
6229,3,4709198910731474095,0,0,0,8,6,5,2,20
6230,3,-7966749481247250538,0,1,1,9,4,2,1,6
6231,3,533777550904834069,0,1,1,9,4,4,2,14
6232,3,-66371554950495778,0,1,1,8,1,2,1,6
6233,3,5104054650888017158,0,1,1,11,2,4,2,6
6234,3,3971966619938183933,0,1,1,11,3,4,2,9
6235,3,6869475041827560836,0,0,0,16,2,6,1,8
6236,3,2772875475887821746,0,1,1,10,6,2,1,2
6237,3,-4676323847451235249,0,1,1,11,2,4,2,10
6238,3,2154501831713182217,0,1,1,10,3,3,1,10
6239,3,4548369761425411411,0,2,2,9,3,4,2,14
6240,3,1414735290876428525,0,1,1,9,3,2,1,5
6241,3,-4789471840926295711,0,1,1,8,7,2,1,8
6242,3,6409665583184377089,0,1,1,9,4,3,2,8
6243,3,4380789926648944930,0,1,1,10,5,4,2,8
6244,3,373100188667300527,0,1,1,10,2,4,2,9
6245,3,3843326650426893128,0,1,1,12,4,4,1,8
6246,3,4622646543466500480,0,0,0,12,3,5,2,14
6247,3,-6392845103974880763,0,1,1,11,1,3,1,10
6248,3,-5867596277472339794,0,1,1,11,1,3,1,8
6249,3,1921990069554506688,0,1,1,11,1,4,1,11
6250,3,-5921062676215729929,0,1,1,10,6,4,2,8
6251,3,-6145952734043489530,0,2,2,11,3,3,1,7
6252,3,-3379512206294190157,0,0,0,9,4,3,1,9
6253,3,-8925474735907155522,0,0,0,12,1,7,2,20
6254,3,6384634141606248232,0,0,0,9,3,4,2,10
6255,3,-4874091979230551136,0,0,0,8,2,4,2,12
6256,3,-5430331466044282851,0,2,2,11,2,4,1,9
6257,3,-1282132233941031960,0,2,2,11,1,5,2,13
6258,3,-4453572497779375956,0,1,1,8,3,3,2,8
6259,3,-5262623935067246010,0,1,1,11,3,4,2,9
6260,3,7288449527767120988,0,1,1,10,1,3,1,7
6261,3,-6736388388933590249,0,0,0,11,5,4,1,9
6262,3,-5887525045038704274,0,2,2,9,4,4,2,15
6263,3,-5454872504248838438,0,2,2,10,2,4,2,9
6264,3,8659273551565096823,0,0,0,8,7,4,2,11
6265,3,-1375352774715403044,0,0,0,10,2,4,1,9
6266,3,-7569843266999000274,0,1,1,7,9,2,2,4
6267,3,-7117626563767526090,0,0,0,12,2,6,2,14
6268,3,-8945572882621637753,0,1,1,7,6,1,1,4
6269,3,4090916232691099129,0,0,0,8,5,3,2,6
6270,3,2162857572101051392,0,1,1,9,6,2,1,3
6271,3,-7082559688810530905,0,1,1,10,3,4,2,11
6272,3,6861331808802478138,0,1,1,8,2,2,1,6
6273,3,7565494577100446948,0,1,1,11,2,5,2,15
6274,3,983089807334126794,0,0,0,8,2,4,2,14
6275,3,2770780456957466988,0,2,2,10,5,3,2,7
6276,3,-5064220938172561071,0,1,1,8,3,2,1,8
6277,3,-4785348473203893177,0,0,0,9,3,3,1,10
6278,3,1429735054461626313,0,1,1,9,3,4,2,11
6279,3,-1580680498855288517,0,1,1,7,8,3,2,10
6280,3,-7614440840002284255,0,0,0,8,5,4,2,10
6281,3,7056458807468864898,0,0,0,9,6,3,1,12
6282,3,546436384697401100,0,2,2,9,3,4,2,15
6283,3,5767193392060945341,0,1,1,9,3,4,2,12
6284,3,-4851650027554129130,0,2,2,11,4,4,2,11
6285,3,5684974172384430888,0,1,1,7,8,2,2,6
6286,3,3461091925985829624,0,0,0,11,4,5,1,15
6287,3,3164178345304745486,0,1,1,10,6,1,1,1
6288,3,4679892732417548844,0,0,0,8,3,4,2,11
6289,3,-8890874612195228802,0,1,1,10,2,4,2,12
6290,3,-5130726312350742334,0,1,1,9,6,3,2,4
6291,3,2548158558947858494,0,0,0,10,5,4,1,7
6292,3,-2761603608851515532,0,1,1,11,2,5,2,13
6293,3,-4647461480513402113,0,2,2,11,1,4,1,14
6294,3,4059539265776630008,0,0,0,8,9,3,2,8
6295,3,1305591813922480082,0,1,1,9,1,3,2,8
6296,3,-2847287901967885163,0,1,1,13,2,4,1,11
6297,3,-5422443408138279206,0,0,0,10,2,4,1,13
6298,3,-1159321845574572551,0,0,0,10,5,3,1,4
6299,3,-1805428554896350653,0,0,0,11,2,5,2,12
6300,3,4719536581841725000,0,0,0,11,3,5,2,14
6301,3,-7888970031501240462,0,1,1,9,5,4,2,12
6302,3,3940625214028616312,0,0,0,11,3,5,1,13
6303,3,-1649382552858394755,0,0,0,9,5,4,2,6
6304,3,-6123831177165067557,0,2,2,10,2,3,1,11
6305,3,-541192232451306787,0,1,1,10,1,3,1,10
6306,3,6046655711695554557,0,1,1,9,5,3,2,6
6307,3,1300403815033269346,0,1,1,10,4,2,1,4
6308,3,5013655975455252655,0,1,1,9,3,3,2,4
6309,3,-2486302892328935578,0,1,1,10,3,4,2,10
6310,3,-1853702741391696541,0,1,1,12,2,4,2,10
6311,3,3108361996803022149,0,1,1,11,1,4,1,12
6312,3,-6154131542100095813,0,1,1,11,1,3,2,6
6313,3,-2350379425423067636,0,1,1,11,2,4,1,10
6314,3,-2824153380059280037,0,0,0,8,4,3,1,6
6315,3,-6064740112587243409,0,0,0,11,4,5,2,13
6316,3,-3020822512754507514,0,1,1,10,2,3,1,6
6317,3,5359302698748613888,0,1,1,8,6,2,1,4
6318,3,-3456665012530995992,0,1,1,7,6,2,2,6
6319,3,-1689373920458635106,0,0,0,14,1,6,1,13
6320,3,-125705525645481168,0,1,1,12,1,6,2,16
6321,3,-4788509831950149077,0,0,0,11,1,5,2,11
6322,3,-1430565568168504862,0,2,2,10,2,5,2,18
6323,3,-69354507728337023,0,1,1,11,1,4,2,10
6324,3,-3311928462681525526,0,2,2,9,3,4,2,10
6325,3,-5607489996227297883,0,1,1,11,2,4,1,10
6326,3,-5225694354750998157,0,1,1,11,1,3,1,5
6327,3,1233609749307938877,0,2,2,9,4,3,1,7
6328,3,404727620166740089,0,0,0,12,1,6,2,13
6329,3,6062406333774062655,0,0,0,10,2,5,2,13
6330,3,1908189954416131740,0,0,0,11,4,4,1,9
6331,3,-3810105496274183701,0,1,1,8,7,2,1,6
6332,3,-381845244940336329,0,1,1,9,3,4,2,10
6333,3,683079558703120890,0,0,0,6,9,3,2,10
6334,3,4107721558933639345,0,1,1,11,1,4,2,7
6335,3,-1780045650332567017,0,0,0,10,2,6,2,20
6336,3,-4601482896476131310,0,2,2,10,1,3,1,10
6337,3,-4608465686372643698,0,2,2,9,3,3,1,9
6338,3,3363124830034352601,0,0,0,10,4,4,1,11
6339,3,6629193290706161475,0,1,1,10,5,3,2,6
6340,3,-7280623091298832372,0,2,2,8,2,4,2,15
6341,3,-7521687805538845212,0,1,1,14,3,5,1,7
6342,3,-5008652639524715121,0,2,2,8,2,4,2,15
6343,3,2780684057434243938,0,0,0,8,8,4,2,10
6344,3,-3960450516044085575,0,2,2,10,2,3,1,7
6345,3,-4040795996619905380,0,0,0,8,1,4,2,14
6346,3,872801696528488228,0,0,0,8,8,2,1,6
6347,3,3545810969878826589,0,0,0,11,5,5,2,12
6348,3,3744016950867261636,0,1,1,7,4,2,1,8
6349,3,-5642121025603268472,0,1,1,7,8,2,2,4
6350,3,1105916634810847290,0,1,1,12,3,5,2,12
6351,3,-6493793510161989486,0,1,1,10,5,3,1,8
6352,3,6398423307781560938,0,1,1,9,3,3,1,6
6353,3,-2133036186767822545,0,1,1,11,1,3,1,8
6354,3,-4263781372564412598,0,2,2,8,3,3,2,9
6355,3,2137836381033585999,0,1,1,11,4,4,2,10
6356,3,-4625045238633320963,0,2,2,10,1,4,1,11
6357,3,8241404987477339211,0,0,0,12,3,4,1,8
6358,3,8138905109323075103,0,0,0,10,4,4,1,11
6359,3,9136051792121824603,0,1,1,9,1,2,1,7
6360,3,-189476271360470430,0,0,0,9,5,3,1,11
6361,3,-8242607476384438709,0,1,1,7,4,3,2,10
6362,3,-6018360408265226151,0,1,1,10,4,2,1,6
6363,3,641645776336957806,0,1,1,9,3,4,2,13
6364,3,6593680945411473811,0,2,2,9,6,4,2,11
6365,3,2833879002468656850,0,1,1,9,6,3,2,5
6366,3,-6020543612929306132,0,1,1,10,4,4,2,10
6367,3,219184944789077173,0,0,0,10,3,5,2,14
6368,3,-432402447061524705,0,1,1,7,2,2,1,5
6369,3,-3387273701498254538,0,0,0,11,5,4,1,9
6370,3,7583428314268128670,0,0,0,8,5,3,2,10
6371,3,-4985922630980452529,0,1,1,11,2,4,2,7
6372,3,7557446014425863845,0,2,2,11,2,6,2,20
6373,3,7897973959459490050,0,1,1,7,2,3,2,10
6374,3,-6414847654350015604,0,1,1,9,2,4,2,13
6375,3,639103955127154898,0,0,0,11,1,5,2,10
6376,3,9199233854282435164,0,0,0,9,1,5,2,16
6377,3,166764462337097844,0,1,1,9,3,2,1,3
6378,3,4870397158707484581,0,1,1,11,3,3,1,7
6379,3,6550069989208558278,0,0,0,7,6,3,2,12
6380,3,8777791888363786638,0,1,1,9,6,2,1,7
6381,3,3865911876923383552,0,0,0,10,2,5,2,10
6382,3,-7403969994736345043,0,0,0,10,6,4,1,13
6383,3,6298001727927337768,0,1,1,9,3,3,2,4
6384,3,3400943081564391193,0,1,1,10,2,4,2,10
6385,3,2810620582199628235,0,0,0,9,1,5,2,18
6386,3,3888541151628481596,0,0,0,7,7,2,1,3
6387,3,-8348767468483496215,0,0,0,10,3,5,2,12
6388,3,-7673040687485327379,0,1,1,10,6,3,1,7
6389,3,2891467624512981040,0,2,2,11,1,4,1,10
6390,3,-6661489156169143747,0,2,2,12,2,5,1,11
6391,3,4330367811654446189,0,2,2,10,1,3,1,8
6392,3,-7636971244538134128,0,1,1,11,5,5,2,16
6393,3,-8450309929070066113,0,1,1,12,1,4,1,9
6394,3,9030623793812676207,0,0,0,12,2,5,1,13
6395,3,5634587116289447437,0,1,1,8,3,3,2,8
6396,3,-6273142533112598371,0,2,2,10,1,4,2,10
6397,3,2631373113662146361,0,0,0,12,5,4,1,8
6398,3,-7268959923186525849,0,1,1,10,1,4,2,12
6399,3,-7914462312558404459,0,2,2,8,2,3,1,11
6400,3,-7601308736381931712,0,1,1,10,1,3,1,6
6401,3,7222284735823147029,0,1,1,10,3,4,2,12
6402,3,-6081143110644242804,0,1,1,8,3,3,2,10
6403,3,958234783869516230,0,0,0,10,6,5,2,16
6404,3,3704181571133469628,0,1,1,9,4,4,2,10
6405,3,-3280840459255672321,0,1,1,11,5,3,2,6
6406,3,3596545072734894746,0,2,2,9,4,4,2,11
6407,3,-4248920023057685803,0,0,0,13,1,5,1,10
6408,3,-1364093859866698011,0,0,0,12,2,6,2,14
6409,3,-6813275044859675437,0,1,1,7,3,3,2,12
6410,3,9011394315672750624,0,1,1,12,1,4,1,11
6411,3,-8535303989755690262,0,1,1,9,1,3,2,6
6412,3,-9203751169223853402,0,1,1,12,5,4,2,9
6413,3,9145232293608366502,0,0,0,12,1,6,2,13
6414,3,-2755909027259469822,0,0,0,8,1,4,2,12
6415,3,-7579866469093964381,0,0,0,8,7,4,2,11
6416,3,4809073189457479805,0,1,1,7,8,2,2,6
6417,3,3739081520393864510,0,1,1,11,4,2,1,2
6418,3,-1047044184316648457,0,0,0,8,8,4,2,14
6419,3,9135535097103954318,0,1,1,9,4,2,1,5
6420,3,-84328439316963334,0,0,0,8,4,3,1,9
6421,3,-4758549162289315179,0,1,1,7,7,1,1,4
6422,3,281935032596775180,0,1,1,8,8,3,2,8
6423,3,-5494370172429774158,0,0,0,9,5,4,2,10
6424,3,9117654233104620868,0,1,1,11,5,2,1,5
6425,3,8523128087353367898,0,2,2,8,2,3,1,11
6426,3,7659482896752974879,0,2,2,9,3,3,2,6
6427,3,3885582366320325895,0,0,0,6,4,3,1,15
6428,3,-8554232713578193005,0,1,1,9,3,2,1,5
6429,3,-8464250090887977873,0,1,1,10,2,3,1,12
6430,3,-7059943069254948252,0,0,0,12,1,5,2,16
6431,3,6613699780738035449,0,0,0,9,5,5,2,16
6432,3,5070935614204106679,0,1,1,10,2,4,2,14
6433,3,-8901467257898802068,0,0,0,10,3,5,2,16
6434,3,-3554366483156371484,0,0,0,13,2,6,1,15
6435,3,7557450780339993577,0,0,0,8,5,4,2,12
6436,3,-6059248787541662064,0,1,1,10,5,3,2,10
6437,3,-2536435259249939941,0,0,0,11,3,4,1,14
6438,3,-1338308913592930823,0,0,0,9,3,3,1,11
6439,3,-6124636081739929940,0,2,2,10,4,3,1,9
6440,3,-2256774315485705325,0,2,2,11,1,6,2,20
6441,3,-7019408830267566854,0,0,0,9,4,4,2,10
6442,3,-698122042279417388,0,1,1,8,5,3,2,8
6443,3,2445014142964696074,0,1,1,9,4,3,2,12
6444,3,4418309861305738060,0,0,0,10,2,4,1,11
6445,3,-1128287053348488772,0,2,2,8,6,3,2,10
6446,3,3018566265370141431,0,1,1,9,5,3,2,10
6447,3,5347290812355755328,0,1,1,7,8,1,1,2
6448,3,-1758236773213129258,0,0,0,11,2,4,1,10
6449,3,-1115837108980788024,0,0,0,13,2,5,1,12
6450,3,-2572672986041015877,0,2,2,9,2,3,1,9
6451,3,9197356226569071231,0,2,2,11,1,5,1,18
6452,3,-2818955568633916059,0,1,1,10,3,4,2,11
6453,3,-5540250829455684424,0,1,1,10,6,3,2,6
6454,3,8699030183608223180,0,0,0,9,2,4,1,17
6455,3,-8038459675215020694,0,1,1,9,1,3,2,6
6456,3,9141530868561153212,0,1,1,8,4,3,2,10
6457,3,6238015752170357980,0,2,2,12,2,5,2,12
6458,3,6540754085748661416,0,2,2,11,3,3,2,5
6459,3,-8770817421156648036,0,2,2,11,1,4,1,11
6460,3,886588823392705975,0,0,0,8,4,4,2,12
6461,3,1595959419276345269,0,2,2,11,1,6,2,20
6462,3,2974344868322183203,0,0,0,8,7,4,2,16
6463,3,6814026660460235040,0,0,0,13,4,6,2,13
6464,3,-193890295992496189,0,0,0,8,5,3,1,13
6465,3,-541828633806450310,0,2,2,11,1,5,2,13
6466,3,8106987301467698405,0,0,0,8,1,4,2,16
6467,3,7478856094284727031,0,0,0,10,1,5,2,10
6468,3,5283708416887492193,0,0,0,10,4,5,2,12
6469,3,4110103642295919254,0,2,2,12,1,5,1,13
6470,3,6041750026075136234,0,0,0,10,1,4,1,8
6471,3,4453596543394982294,0,0,0,8,1,4,2,12
6472,3,4252605613913986983,0,1,1,13,1,5,2,11
6473,3,-3197611938382855641,0,0,0,10,4,5,2,14
6474,3,5863576326611317249,0,0,0,12,1,5,1,13
6475,3,-1497508776347018395,0,1,1,10,6,3,2,6
6476,3,-1401049971900663106,0,2,2,11,3,5,2,15
6477,3,-6255857905910593407,0,1,1,10,7,3,2,4
6478,3,4319696225893653582,0,0,0,9,1,5,2,18
6479,3,-8474938179751026879,0,0,0,10,4,4,1,11
6480,3,-784981912583395739,0,1,1,9,1,4,2,12
6481,3,-8248533521011324502,0,0,0,9,3,4,2,10
6482,3,-4417765278900496183,0,0,0,7,7,3,2,8
6483,3,-2543222696851816710,0,1,1,10,4,4,2,10
6484,3,-1551758620425566356,0,1,1,9,3,3,1,12
6485,3,3299449840829847515,0,2,2,9,7,2,1,4
6486,3,1657449441501326269,0,1,1,8,5,2,2,4
6487,3,-5540873334846262826,0,1,1,12,2,4,2,7
6488,3,-564640578573945030,0,2,2,8,5,3,2,11
6489,3,2856374471429150213,0,0,0,8,5,3,1,9
6490,3,-8900618122138682551,0,1,1,7,7,2,2,4
6491,3,-5838358670548265204,0,1,1,11,1,4,2,8
6492,3,-900242897189537208,0,0,0,9,4,4,1,13
6493,3,-2762778157858956727,0,1,1,12,5,3,2,6
6494,3,1757840756608087522,0,2,2,10,2,4,2,11
6495,3,-2956633599254757302,0,2,2,10,1,4,2,10
6496,3,166778782481108644,0,0,0,10,1,5,2,12
6497,3,7880016280418672767,0,2,2,12,3,4,2,8
6498,3,-3992622209205499697,0,2,2,7,1,3,2,14
6499,3,-5235624390672446416,0,0,0,9,3,4,1,13
6500,3,2333726856680196719,0,2,2,11,2,5,2,16
6501,3,6609290821602430128,0,1,1,10,7,2,1,6
6502,3,-2021961812602198356,0,2,2,10,2,5,2,15
6503,3,5320100905407369427,0,0,0,8,4,4,2,12
6504,3,-8219557756926440865,0,0,0,8,3,5,2,20
6505,3,3842758794459037084,0,0,0,9,2,5,2,16
6506,3,-522829497823175192,0,1,1,9,3,3,1,10
6507,3,-5964941430329731525,0,2,2,13,6,4,1,10
6508,3,8608642250726322238,0,0,0,9,7,5,2,16
6509,3,-4082193109049462987,0,2,2,10,2,4,1,12
6510,3,-4055328732645081273,0,2,2,10,1,5,2,17
6511,3,-3959678094098652956,0,2,2,11,4,5,2,18
6512,3,-721555319091367575,0,0,0,8,3,3,1,6
6513,3,-3529344046974210782,0,0,0,11,5,5,2,16
6514,3,5507785933117559904,0,2,2,9,2,3,1,11
6515,3,6209896591269186625,0,0,0,8,3,4,2,16
6516,3,-2571042235767360175,0,2,2,9,1,4,2,14
6517,3,5578325817525654845,0,1,1,12,1,4,1,11
6518,3,6797604789308614175,0,1,1,8,2,4,2,16
6519,3,7576609640308995380,0,0,0,10,5,5,2,16
6520,3,-6553749061910936579,0,0,0,11,3,5,2,12
6521,3,3858159483366664726,0,0,0,10,1,5,1,15
6522,3,-1170688815392271547,0,0,0,10,3,4,1,9
6523,3,-8683848362270542696,0,0,0,10,2,4,1,12
6524,3,4208043183496004743,0,1,1,7,5,2,2,4
6525,3,-6978849411751004819,0,0,0,9,1,5,2,16
6526,3,8828576232828434147,0,1,1,7,9,1,1,4
6527,3,-8826382420338775624,0,0,0,10,1,5,1,19
6528,3,4605195787908893595,0,0,0,10,1,5,2,13
6529,3,-2251906529131201861,0,0,0,10,4,5,2,11
6530,3,-4894618359258898717,0,1,1,9,5,3,2,4
6531,3,-1860648789152328492,0,0,0,9,4,4,2,8
6532,3,-296538530975565317,0,0,0,9,2,4,1,11
6533,3,-884178527955404374,0,1,1,9,2,3,2,5
6534,3,9019806043652674175,0,1,1,8,3,3,2,8
6535,3,4257082032488907171,0,0,0,13,1,6,2,14
6536,3,-225993107119805699,0,2,2,9,1,3,1,7
6537,3,5591261552765370521,0,0,0,9,1,4,1,12
6538,3,-4348525423715473208,0,0,0,8,5,4,2,14
6539,3,1054935955809649100,0,1,1,9,4,2,1,5
6540,3,2136350858560451339,0,1,1,10,5,4,2,13
6541,3,-1610004974600057063,0,1,1,12,4,3,1,10
6542,3,8557982560135409440,0,0,0,13,3,7,2,18
6543,3,3968425851119073132,0,2,2,12,5,5,2,12
6544,3,-7449539087517536734,0,1,1,10,4,3,1,9
6545,3,-7582812960976156558,0,0,0,10,4,4,2,9
6546,3,3538391707891277760,0,0,0,11,1,5,2,13
6547,3,916086530633428883,0,2,2,12,1,4,1,13
6548,3,8168148683640151636,0,1,1,11,3,4,1,12
6549,3,-4835996987086572001,0,0,0,11,3,4,1,12
6550,3,-5394641345738397645,0,1,1,9,1,4,2,12
6551,3,-2110018276607914810,0,1,1,7,6,2,2,6
6552,3,-7361002925155313082,0,1,1,9,4,3,2,11
6553,3,-5290600364256273843,0,2,2,12,2,5,1,14
6554,3,4307581651962036185,0,1,1,7,4,2,1,5
6555,3,5570465519410086271,0,1,1,11,4,2,1,5
6556,3,-2397633035455853646,0,2,2,9,2,4,2,13
6557,3,-8449879366095465888,0,1,1,9,6,2,1,3
6558,3,-7012337168497111451,0,0,0,9,5,3,1,7
6559,3,3818717169274575528,0,1,1,11,1,5,2,10
6560,3,-3142390708676100634,0,2,2,10,1,5,2,15
6561,3,5412932705315604847,0,1,1,7,5,1,1,4
6562,3,3604080468316283488,0,1,1,7,9,2,2,2
6563,3,8252386195733895716,0,1,1,8,3,2,1,8
6564,3,-5410345147451327420,0,0,0,13,1,6,2,14
6565,3,-7167162461183722813,0,1,1,12,3,4,2,9
6566,3,-290715296867108957,0,0,0,9,8,4,2,12
6567,3,-5518951756868345529,0,1,1,8,6,3,2,8
6568,3,6708094722987901120,0,1,1,10,4,3,1,6
6569,3,-742903599466052516,0,1,1,10,4,4,2,12
6570,3,-2716394787018650143,0,1,1,12,7,4,2,9
6571,3,-5525114281779221672,0,1,1,8,5,3,2,9
6572,3,6705372245716103781,0,1,1,10,1,4,2,12
6573,3,-1002817655679760020,0,2,2,8,6,2,1,9
6574,3,1199506114454130459,0,1,1,10,2,4,2,8
6575,3,7693015099361990678,0,1,1,8,8,2,2,6
6576,3,6865190721130640336,0,1,1,10,6,2,1,5
6577,3,-5873811883491154727,0,0,0,8,3,4,2,14
6578,3,-6030305281040742871,0,1,1,13,1,4,1,8
6579,3,-5788878044906928592,0,0,0,11,1,4,1,10
6580,3,-78021646183644749,0,0,0,6,6,2,1,6
6581,3,-8875930592314233921,0,1,1,8,2,2,1,6
6582,3,2657330421904090424,0,1,1,10,3,3,1,6
6583,3,-1660776018498306612,0,1,1,9,7,3,2,6
6584,3,-8874229485787487916,0,2,2,10,5,4,2,10
6585,3,-6517744531765411860,0,1,1,9,3,4,2,13
6586,3,-6712451290290103225,0,1,1,10,4,3,2,6
6587,3,-2147985218408617215,0,0,0,9,4,4,1,11
6588,3,-1676751347495936245,0,2,2,10,2,5,2,15
6589,3,-229700841347485085,0,0,0,10,4,3,1,7
6590,3,6920892088606850985,0,1,1,8,4,3,2,10
6591,3,-9166917732960819108,0,1,1,11,3,4,1,7
6592,3,-2156254379768685369,0,1,1,9,3,4,2,10
6593,3,-8502893574744558118,0,0,0,9,5,3,1,10
6594,3,-6366400838174802299,0,1,1,10,2,3,1,8
6595,3,1760596104547539295,0,2,2,10,3,4,2,14
6596,3,-3809349956707422070,0,1,1,9,3,2,1,2
6597,3,-3425608248553594565,0,1,1,10,2,4,2,10
6598,3,1579579517457951065,0,1,1,9,5,2,1,4
6599,3,6974638784921457917,0,2,2,9,3,4,2,12
6600,3,-7639199593065671960,0,1,1,11,3,4,2,13
6601,3,5801518215236682279,0,1,1,10,3,4,2,12
6602,3,-2728930597977175949,0,2,2,12,2,4,1,13
6603,3,-7313382757216526304,0,1,1,8,6,2,1,8
6604,3,1893188604441353613,0,0,0,10,5,4,2,6
6605,3,577162459043954542,0,1,1,9,1,4,2,18
6606,3,-1788054137932332425,0,2,2,9,2,3,1,13
6607,3,5050534715864578084,0,2,2,10,2,3,1,10
6608,3,-8042907478210864716,0,0,0,7,5,2,1,7
6609,3,-3309181668478350440,0,1,1,9,5,3,1,12
6610,3,3600206491028820700,0,1,1,10,5,3,1,9
6611,3,-1488702439730565799,0,2,2,10,1,5,2,15
6612,3,2668152208387415728,0,0,0,9,4,3,1,8
6613,3,2147638013060949855,0,0,0,10,2,5,2,14
6614,3,6223471976427573358,0,1,1,9,3,4,2,10
6615,3,-3154719937000649340,0,2,2,8,1,3,2,8
6616,3,3354255474468192359,0,1,1,7,8,2,2,6
6617,3,-2593701209544100813,0,0,0,12,5,5,2,10
6618,3,4510302531539370958,0,0,0,11,2,5,2,13
6619,3,5362390808560115294,0,0,0,7,7,3,2,8
6620,3,-5520006354500416047,0,0,0,8,5,3,1,11
6621,3,-5453869997395306827,0,2,2,9,5,2,1,4
6622,3,-5609371743141982739,0,2,2,12,1,5,1,14
6623,3,-2664077329623226348,0,0,0,10,3,5,2,12
6624,3,-6949231561378816130,0,2,2,10,1,3,1,9
6625,3,-8486384382929934020,0,2,2,10,1,4,2,11
6626,3,332306518298254997,0,0,0,7,3,4,2,16
6627,3,6920033656181018565,0,1,1,9,5,3,2,8
6628,3,4395357058985440781,0,1,1,14,6,4,2,5
6629,3,1939597624276713043,0,0,0,13,1,6,2,14
6630,3,8509832673156987616,0,1,1,9,3,2,1,7
6631,3,1409440893871030791,0,2,2,10,1,3,1,6
6632,3,4700979809578838198,0,1,1,8,4,2,1,6
6633,3,348215225511899960,0,1,1,13,2,6,2,15
6634,3,4182282382922273726,0,1,1,8,1,3,2,10
6635,3,-4823075043679523485,0,1,1,12,2,4,1,8
6636,3,630448376452981697,0,1,1,10,1,3,1,11
6637,3,-2703881741777268129,0,0,0,9,4,3,1,6
6638,3,-9027710226522608524,0,1,1,12,1,5,2,13
6639,3,2086436367258078420,0,2,2,9,2,3,1,10
6640,3,7405178872131499789,0,0,0,9,5,4,2,11
6641,3,-440711946095802898,0,2,2,10,1,3,1,8
6642,3,7097654394506924312,0,0,0,8,7,4,2,14
6643,3,1675975554576335436,0,0,0,10,3,4,1,13
6644,3,-4132993939554814838,0,2,2,10,3,3,1,9
6645,3,-4421404160486057410,0,1,1,9,2,4,2,11
6646,3,-3604486014586495722,0,1,1,11,4,4,2,6
6647,3,-4440587080758378192,0,1,1,7,3,3,2,10
6648,3,4173743865832840895,0,2,2,10,2,4,2,9
6649,3,7818454660234350688,0,0,0,9,2,4,2,10
6650,3,-8339667765412245074,0,0,0,13,4,5,1,10
6651,3,7712349197050218711,0,1,1,8,2,2,1,6
6652,3,8408771914162759493,0,2,2,10,4,3,1,10
6653,3,3526968572639641750,0,0,0,12,2,6,2,17
6654,3,7867756709358845043,0,1,1,11,1,3,1,8
6655,3,-3247409838138527986,0,0,0,7,9,3,2,10
6656,3,-6343867086011286199,0,1,1,7,4,3,2,13
6657,3,-5605199291285615403,0,2,2,10,2,4,1,13
6658,3,-5821226984093471283,0,0,0,8,5,3,1,11
6659,3,7767103107351100055,0,0,0,6,9,3,2,10
6660,3,-6916094511404471282,0,0,0,10,2,5,2,13
6661,3,-8454790424080047286,0,1,1,9,1,3,1,7
6662,3,1819280323014999928,0,1,1,12,3,4,2,12
6663,3,1488165758463888805,0,0,0,8,3,3,1,11
6664,3,-8420275317132129943,0,1,1,10,6,2,1,4
6665,3,-5220673799016148782,0,1,1,7,6,3,2,10
6666,3,-1248204809416283389,0,0,0,11,3,4,1,11
6667,3,-1457511402210189215,0,2,2,8,2,3,2,13
6668,3,5984424237870527555,0,1,1,9,2,4,2,11
6669,3,2480867626271482752,0,1,1,10,2,3,1,9
6670,3,-8191095385621024686,0,1,1,7,7,2,1,7
6671,3,1976323199739562857,0,2,2,11,2,4,1,12
6672,3,-9086191587995147493,0,1,1,12,2,4,2,9
6673,3,-1949922840576860901,0,0,0,8,4,5,2,20
6674,3,4550967193374034973,0,0,0,11,3,5,1,16
6675,3,2622051495038640716,0,1,1,9,3,4,2,14
6676,3,4748466154841850497,0,0,0,10,5,4,2,11
6677,3,187747375205578141,0,1,1,8,3,3,2,10
6678,3,7486866068847378031,0,1,1,12,2,4,1,10
6679,3,937271199435611663,0,0,0,10,5,3,1,5
6680,3,2640125995015316380,0,2,2,9,2,4,2,11
6681,3,4384397091527323061,0,0,0,9,2,3,1,10
6682,3,3527525398796558631,0,0,0,9,4,4,2,12
6683,3,582685294821595051,0,1,1,11,1,4,2,9
6684,3,421686777337313957,0,0,0,9,4,5,2,16
6685,3,6157962039598215494,0,1,1,9,7,3,2,6
6686,3,6500204671715430010,0,2,2,13,1,6,1,19
6687,3,-7277969098326257012,0,0,0,11,3,5,2,9
6688,3,-8418338581351273110,0,0,0,11,1,6,2,18
6689,3,-8346364940903020058,0,1,1,11,1,4,2,6
6690,3,-2256912487437150353,0,0,0,8,4,5,2,20
6691,3,485613186909951763,0,0,0,9,6,4,2,10
6692,3,8720447522163044812,0,0,0,11,1,6,2,18
6693,3,7210121306527768928,0,1,1,9,3,3,1,11
6694,3,-1580260210845070751,0,1,1,7,6,2,2,6
6695,3,-4909162394895213291,0,1,1,10,2,4,2,10
6696,3,5968404906832067649,0,1,1,10,3,3,1,9
6697,3,-4184064910218079182,0,1,1,9,3,4,2,12
6698,3,5667672761477450113,0,1,1,11,2,4,2,6
6699,3,-1330384577616181669,0,2,2,9,2,5,2,20
6700,3,-8999098831228912046,0,0,0,10,1,3,1,9
6701,3,7275818830640878607,0,1,1,12,1,5,2,16
6702,3,296596314410578258,0,0,0,10,1,6,2,20
6703,3,-1441219173063562976,0,2,2,10,1,3,1,10
6704,3,-7626234261879769826,0,1,1,9,6,3,2,7
6705,3,-2074416569126053281,0,1,1,8,4,3,2,13
6706,3,-7046517756683727061,0,0,0,8,7,4,2,12
6707,3,-3790126052746909034,0,0,0,9,6,3,1,12
6708,3,-1703489583704258602,0,1,1,10,4,3,2,8
6709,3,-7804284779126904134,0,1,1,8,9,1,1,1
6710,3,1470250359302825913,0,2,2,8,1,3,1,11
6711,3,-22102357174343327,0,2,2,9,3,3,1,8
6712,3,-8694641252481026497,0,0,0,13,1,5,1,15
6713,3,-2281392897547328143,0,0,0,11,1,4,1,11
6714,3,-154027907078124166,0,0,0,11,1,6,2,18
6715,3,209819412362229786,0,2,2,11,2,5,2,11
6716,3,-1471541413907196109,0,0,0,11,1,5,1,11
6717,3,5323312188301339141,0,2,2,10,2,3,2,8
6718,3,9181285339779254082,0,1,1,10,4,3,2,6
6719,3,-3511284715066071091,0,1,1,10,2,3,1,6
6720,3,-7053718424545777888,0,0,0,8,5,3,1,9
6721,3,-5736783581673092690,0,0,0,10,1,6,2,20
6722,3,4135675252003210938,0,2,2,12,2,4,1,11
6723,3,-954716192946167173,0,2,2,10,1,5,2,17
6724,3,-3143514049674484089,0,0,0,8,1,3,1,11
6725,3,1390621267095407061,0,2,2,8,1,3,1,11
6726,3,-7100681656636444964,0,1,1,8,3,3,2,8
6727,3,5053365449277379993,0,2,2,11,3,4,2,6
6728,3,-8466716983889852290,0,1,1,11,6,3,1,6
6729,3,4603739891699545754,0,2,2,11,3,3,1,9
6730,3,3949861322916358777,0,1,1,9,5,3,2,5
6731,3,-2474331540510937969,0,2,2,10,4,3,1,7
6732,3,-6161785015497445073,0,0,0,9,6,4,2,10
6733,3,-748155777265924785,0,2,2,12,2,4,2,6
6734,3,-7389899532233583949,0,1,1,7,5,2,2,6
6735,3,-7073361687802619077,0,1,1,7,6,1,1,4
6736,3,6706657603619488855,0,1,1,9,4,3,2,8
6737,3,-2316031185912822022,0,1,1,10,1,3,2,7
6738,3,-2361929129642203773,0,0,0,8,6,3,2,10
6739,3,-365661700615538581,0,2,2,8,3,3,2,9
6740,3,-5240499489376533560,0,1,1,11,1,5,2,14
6741,3,7268455654506228439,0,2,2,7,4,3,2,14
6742,3,-3165305981623825356,0,0,0,11,2,5,1,16
6743,3,-3585344335734839194,0,1,1,9,3,3,2,7
6744,3,-7647659820527862297,0,0,0,10,3,4,1,6
6745,3,-5617603585728114476,0,0,0,11,2,4,1,12
6746,3,3785848242522845670,0,1,1,10,6,2,1,5
6747,3,-2857164141267413148,0,1,1,9,7,2,2,4
6748,3,-7037878582523868114,0,0,0,10,5,5,2,12
6749,3,-7079240107943744492,0,0,0,8,8,3,1,11
6750,3,-6024689002158757364,0,0,0,11,1,5,2,16
6751,3,8906253835716772881,0,2,2,10,2,4,1,12
6752,3,790218071822639531,0,0,0,9,2,5,2,18
6753,3,-1192287933926115987,0,2,2,12,4,4,1,9
6754,3,-7698477853752088850,0,1,1,11,6,4,2,10
6755,3,8558450680973548046,0,2,2,9,1,4,2,13
6756,3,2180769541571225984,0,0,0,11,3,6,2,16
6757,3,6821983457164504553,0,1,1,11,4,4,2,8
6758,3,-3548471568699146200,0,0,0,9,5,3,1,8
6759,3,-1462895844427588496,0,1,1,7,5,3,2,10
6760,3,-2903071520051710623,0,2,2,10,1,3,1,8
6761,3,2463663395540332873,0,0,0,12,1,5,1,15
6762,3,7960938490989119785,0,2,2,11,4,3,1,3
6763,3,-3884563309331996609,0,2,2,12,3,4,1,9
6764,3,-3847952006606570471,0,0,0,7,5,4,2,16
6765,3,4073583971904575613,0,0,0,10,2,5,2,14
6766,3,7722979178909546421,0,0,0,10,4,4,1,10
6767,3,-3816828830310689032,0,1,1,9,5,2,1,5
6768,3,-4211564087106443259,0,1,1,9,4,3,1,12
6769,3,-6090564215674704851,0,1,1,9,3,3,2,8
6770,3,-2356514664673060252,0,0,0,8,7,4,2,10
6771,3,-8806053781474842356,0,0,0,10,3,5,2,12
6772,3,5751503270677149079,0,1,1,8,1,3,2,9
6773,3,-1129956919488518349,0,0,0,9,1,4,1,11
6774,3,-859976995233259744,0,1,1,8,3,3,2,8
6775,3,-3822390218889420705,0,0,0,13,2,7,2,16
6776,3,-2338994330477469228,0,1,1,9,3,4,2,11
6777,3,3387105317293476127,0,0,0,11,1,6,2,18
6778,3,802568019877259691,0,1,1,7,1,2,1,6
6779,3,6845928343984054986,0,1,1,13,1,4,1,12
6780,3,1337102528459565271,0,2,2,9,3,3,1,11
6781,3,-6165268137152595790,0,0,0,8,3,4,2,10
6782,3,5069076997196790295,0,0,0,10,1,5,2,11
6783,3,7052699116272106649,0,2,2,9,5,3,1,9
6784,3,2410870523328025676,0,0,0,10,3,5,2,10
6785,3,-4861521771482139037,0,1,1,9,4,2,1,7
6786,3,2266317388886795084,0,0,0,9,6,4,1,11
6787,3,3248455960006032141,0,1,1,9,4,4,2,15
6788,3,4245993097946733045,0,1,1,10,3,3,1,8
6789,3,-2822905101229678883,0,0,0,10,3,4,1,10
6790,3,6629112526883000709,0,1,1,10,2,3,1,10
6791,3,3924286418216408795,0,1,1,8,1,2,1,8
6792,3,8329692393670527529,0,0,0,12,4,5,2,14
6793,3,-3405617769891594881,0,1,1,7,8,1,1,4
6794,3,5454596815497994451,0,1,1,9,5,2,1,5
6795,3,-7950808765743092053,0,0,0,13,1,6,1,15
6796,3,9006095484768833104,0,0,0,10,2,4,1,11
6797,3,2651227298693394138,0,1,1,7,3,3,2,10
6798,3,-1589468983193746535,0,0,0,12,3,4,2,8
6799,3,-83497801078337126,0,2,2,10,5,4,1,11
6800,3,7218327104449574760,0,2,2,9,1,4,2,10
6801,3,-8765810276409322697,0,1,1,8,3,3,2,10
6802,3,3266344459039504654,0,1,1,7,5,2,2,6
6803,3,1245503742002158008,0,2,2,9,2,3,1,9
6804,3,3412042206902410371,0,2,2,8,5,4,2,15
6805,3,-3624954176240742129,0,1,1,13,2,4,1,8
6806,3,-8476725951372831810,0,0,0,8,2,3,1,8
6807,3,-2532408000513010037,0,0,0,11,5,5,1,15
6808,3,5719830471665486151,0,0,0,10,2,4,1,12
6809,3,-8031245669146122352,0,0,0,12,3,5,1,15
6810,3,8118318895309426697,0,2,2,11,1,5,2,15
6811,3,-4214677093413501046,0,2,2,8,6,2,1,3
6812,3,-9154964863365743508,0,1,1,13,3,4,1,8
6813,3,3840708987361055007,0,1,1,12,2,5,2,15
6814,3,6080614649263749795,0,1,1,9,4,2,1,6
6815,3,-9202234127419644253,0,2,2,10,2,4,1,14
6816,3,-1796134517261404607,0,1,1,10,5,3,1,8
6817,3,-2911390501685037615,0,0,0,10,6,4,1,13
6818,3,-6366646865368471790,0,0,0,7,9,3,2,8
6819,3,1263445215885148854,0,0,0,8,3,4,1,15
6820,3,-2385143605999593688,0,0,0,11,1,5,2,10
6821,3,-7855557795921613328,0,0,0,8,2,4,2,13
6822,3,156298144300561971,0,1,1,14,2,3,1,5
6823,3,-7482532287316973032,0,2,2,10,3,3,1,5
6824,3,5413797138589404694,0,0,0,9,7,4,2,10
6825,3,-3400434407382969220,0,0,0,9,4,4,2,12
6826,3,-7530466342889067338,0,1,1,11,1,4,2,11
6827,3,169171661829137681,0,0,0,7,9,3,2,10
6828,3,-2626278414033414380,0,1,1,9,5,2,1,5
6829,3,477932377373305255,0,1,1,9,3,3,2,10
6830,3,459036194479298973,0,0,0,9,6,3,1,10
6831,3,6625920551310524510,0,0,0,13,3,5,1,12
6832,3,2551542348156537280,0,2,2,9,3,4,2,14
6833,3,-1534656769159690920,0,1,1,10,6,2,1,2
6834,3,9097596660822002881,0,0,0,9,8,3,1,10
6835,3,4856320538725312431,0,0,0,10,1,5,2,14
6836,3,2857999509719562189,0,0,0,8,2,4,2,16
6837,3,-8908573278475282007,0,1,1,8,4,3,2,8
6838,3,3603768957432978765,0,1,1,10,3,4,2,10
6839,3,3888698353893888042,0,1,1,9,7,2,2,2
6840,3,7808786049264769918,0,1,1,13,1,5,2,8
6841,3,-6451665540409014935,0,0,0,9,4,3,1,8
6842,3,1241330096867917889,0,1,1,8,8,2,2,8
6843,3,-3404672415432445209,0,0,0,12,1,4,1,9
6844,3,7976442134289176111,0,0,0,9,2,5,2,18
6845,3,5908256985939211931,0,1,1,10,3,3,2,6
6846,3,-3765952735375446288,0,1,1,10,2,3,1,6
6847,3,-2911750956599863439,0,2,2,10,1,5,2,15
6848,3,-1777693691748581684,0,0,0,9,4,3,1,9
6849,3,4012198056535760117,0,2,2,10,1,4,2,9
6850,3,3840015420671499650,0,0,0,11,2,5,2,10
6851,3,-3472102091348218293,0,0,0,12,3,6,2,16
6852,3,2830832866158690392,0,1,1,7,2,3,2,10
6853,3,1097087391762132066,0,1,1,10,3,4,2,12
6854,3,4139715160081056115,0,1,1,10,2,4,2,10
6855,3,4658330259389430633,0,1,1,9,8,2,1,7
6856,3,6872367927578658920,0,0,0,8,3,4,2,14
6857,3,-4373200003401617535,0,2,2,12,1,6,2,15
6858,3,-5611716908090365934,0,0,0,12,1,5,2,11
6859,3,4000782004961628339,0,0,0,12,3,6,2,16
6860,3,-6281258154114841179,0,0,0,10,2,5,1,15
6861,3,-9101532248687597021,0,0,0,9,2,5,2,16
6862,3,-7107961459230270205,0,1,1,10,6,3,1,8
6863,3,-9027089431349667706,0,1,1,10,4,2,1,4
6864,3,3738323032234309198,0,0,0,10,2,6,2,20
6865,3,-7569981669947700271,0,0,0,10,2,4,1,12
6866,3,7010901306384163006,0,1,1,8,5,2,1,6
6867,3,3535535974376927282,0,0,0,10,3,4,1,11
6868,3,1673251421599975091,0,2,2,10,4,2,1,5
6869,3,-7084173563029556669,0,1,1,10,7,3,2,6
6870,3,532434178487922445,0,1,1,13,1,5,2,10
6871,3,5298983297418171005,0,0,0,8,5,3,1,11
6872,3,-2759273484831014981,0,1,1,11,3,4,2,8
6873,3,-1057145385231025174,0,0,0,9,3,5,2,16
6874,3,-7329220290754374254,0,1,1,9,3,3,1,10
6875,3,6495139195868631582,0,1,1,11,2,5,2,12
6876,3,-740543495495711393,0,2,2,10,2,3,2,7
6877,3,-8884256930440189337,0,0,0,8,2,4,2,11
6878,3,2018923601113324095,0,1,1,10,2,4,2,10
6879,3,8164663380919411779,0,1,1,7,7,2,2,4
6880,3,4900965029058290989,0,0,0,10,5,3,1,5
6881,3,3828766979919402257,0,1,1,11,2,3,1,6
6882,3,-2568688158416424485,0,0,0,10,4,4,1,9
6883,3,5886308251897854731,0,2,2,8,4,4,2,16
6884,3,8213648035355227334,0,1,1,7,8,2,2,4
6885,3,8266817939020229492,0,0,0,10,1,5,2,10
6886,3,5870302456906942084,0,0,0,10,1,3,1,7
6887,3,3757011939905237005,0,1,1,9,5,2,1,3
6888,3,7329685992314241120,0,0,0,10,3,4,1,9
6889,3,-6988311761726863411,0,0,0,11,4,5,2,10
6890,3,-625986623303332312,0,1,1,9,4,2,1,5
6891,3,4049193150050254544,0,1,1,12,1,4,2,9
6892,3,-5173036994942252732,0,0,0,9,3,4,2,10
6893,3,-3223483915848167025,0,2,2,8,3,3,2,9
6894,3,2615986432644116746,0,0,0,11,5,4,1,9
6895,3,-5228924907370950832,0,1,1,10,3,4,2,10
6896,3,4366999320109536337,0,1,1,8,2,3,1,11
6897,3,-2887400902898831392,0,0,0,8,3,4,2,12
6898,3,3762696049422762052,0,0,0,10,4,4,1,11
6899,3,896666702305562752,0,1,1,11,1,4,2,10
6900,3,-2203034020683642761,0,1,1,15,1,7,2,14
6901,3,-633187572122563556,0,0,0,10,4,3,1,6
6902,3,-1986264691605242817,0,2,2,9,4,3,1,7
6903,3,166328215917683394,0,1,1,8,5,3,2,6
6904,3,1661205177923558717,0,1,1,10,1,3,1,8
6905,3,-237972406758939567,0,0,0,10,3,3,1,7
6906,3,4532923349943642940,0,2,2,7,5,2,1,6
6907,3,997800644883862128,0,0,0,9,1,5,2,16
6908,3,5545109235230857532,0,1,1,11,5,3,1,11
6909,3,2623482707207466434,0,0,0,11,1,6,2,18
6910,3,-325738907599519794,0,1,1,8,5,3,2,10
6911,3,-6483222466139807145,0,1,1,8,3,4,2,16
6912,3,392160153103327394,0,2,2,11,3,5,2,14
6913,3,-873866289942100123,0,2,2,11,2,3,1,7
6914,3,-3353753672088580258,0,0,0,8,4,4,2,10
6915,3,-8268656354030868937,0,1,1,10,5,4,1,13
6916,3,8500164322003833776,0,1,1,11,4,4,1,11
6917,3,-576529042435507099,0,1,1,11,1,5,2,14
6918,3,-3635890875623565146,0,0,0,7,9,2,1,9
6919,3,-6812461829892969148,0,0,0,8,6,3,2,8
6920,3,-6329896001044677316,0,2,2,8,1,4,2,15
6921,3,3086890214222370464,0,0,0,9,7,4,2,8
6922,3,7099474953370442294,0,0,0,9,6,4,2,12
6923,3,-3079345016442078040,0,1,1,12,5,5,2,10
6924,3,-7623382767525146320,0,2,2,8,5,4,2,15
6925,3,6093199501112246569,0,0,0,13,1,6,2,15
6926,3,-7683369098856990477,0,0,0,10,5,3,1,7
6927,3,5226815956574493183,0,0,0,8,6,4,2,14
6928,3,-3800800852444841207,0,0,0,12,3,6,2,14
6929,3,1382973694287903431,0,0,0,10,1,5,1,17
6930,3,6310462049602451091,0,0,0,6,5,3,1,15
6931,3,1378584369105348057,0,1,1,10,3,4,2,10
6932,3,-6423157315195257767,0,1,1,12,4,3,1,5
6933,3,6123302073706420341,0,1,1,9,2,3,1,11
6934,3,-2528143162313000926,0,1,1,9,1,3,1,8
6935,3,4089251973895685691,0,1,1,8,7,3,2,10
6936,3,-9167231468612543675,0,1,1,7,1,3,2,10
6937,3,-476846019966117920,0,2,2,10,5,4,1,15
6938,3,8935420687452396671,0,2,2,11,6,4,1,10
6939,3,7571076388024459550,0,0,0,14,2,5,1,9
6940,3,-8030578199843315449,0,0,0,11,1,5,1,13
6941,3,-208868320055197204,0,1,1,9,6,2,1,5
6942,3,8304971746579538655,0,2,2,8,7,2,1,5
6943,3,-6655677608007244049,0,2,2,11,2,4,2,13
6944,3,-6146447224400123795,0,2,2,10,3,4,2,12
6945,3,981471343122832687,0,1,1,13,1,5,2,11
6946,3,-4745048914498870966,0,1,1,9,1,3,2,11
6947,3,-7842126101475463922,0,0,0,7,5,3,2,10
6948,3,-7243280375015785384,0,0,0,9,2,4,1,13
6949,3,-6834056585121288075,0,2,2,10,2,4,2,12
6950,3,68037614145833753,0,0,0,6,3,3,1,15
6951,3,8667731371356428367,0,0,0,8,5,3,1,11
6952,3,2702135720939849279,0,1,1,10,3,3,1,7
6953,3,-5184126437493369542,0,0,0,13,2,6,2,10
6954,3,8300658096358721406,0,2,2,12,3,5,2,7
6955,3,-4051017330176845957,0,1,1,8,8,3,2,10
6956,3,8120482420562709673,0,1,1,12,2,3,1,5
6957,3,4391011301169273395,0,1,1,5,7,2,2,10
6958,3,-7225217362254718980,0,0,0,10,2,5,2,16
6959,3,3812397130022989264,0,0,0,10,2,5,2,16
6960,3,316743226446152118,0,2,2,11,3,3,1,7
6961,3,-7983073176321215035,0,0,0,10,2,4,1,9
6962,3,-6704068867966808341,0,2,2,8,5,3,1,13
6963,3,-4868564721128223363,0,1,1,7,9,1,1,2
6964,3,4434038156872901015,0,2,2,9,2,4,2,12
6965,3,3727927744155748492,0,0,0,12,1,4,1,7
6966,3,-384455760135219722,0,2,2,10,2,5,2,16
6967,3,7589175155668582951,0,0,0,6,5,3,2,10
6968,3,-8054878843739528942,0,1,1,8,5,3,2,8
6969,3,-7515796094165946410,0,1,1,7,4,3,2,10
6970,3,2060556524965545116,0,1,1,7,5,3,2,10
6971,3,-557426749591835801,0,1,1,12,1,4,1,9
6972,3,-3878166096455078913,0,0,0,9,3,4,1,13
6973,3,3607925234358380582,0,1,1,9,3,4,2,12
6974,3,3142533322864559794,0,2,2,10,3,5,2,16
6975,3,3715200566331475786,0,1,1,10,3,3,1,8
6976,3,-439347596379573299,0,0,0,8,1,4,1,15
6977,3,8947311921218207665,0,1,1,9,4,3,2,8
6978,3,6134713057419956959,0,0,0,9,5,4,2,10
6979,3,-2525730571632079665,0,1,1,7,5,2,1,6
6980,3,-7756615832972734979,0,0,0,9,4,4,2,10
6981,3,3037912067255507172,0,0,0,11,2,4,1,11
6982,3,-1503191557749100258,0,0,0,10,1,6,2,20
6983,3,4570341963087386221,0,1,1,7,1,2,1,6
6984,3,-1033209078828735834,0,1,1,13,2,5,2,8
6985,3,2059046917952617692,0,0,0,8,1,3,1,9
6986,3,5835624817166684480,0,0,0,11,2,5,2,12
6987,3,1093496761600892042,0,1,1,10,2,2,1,4
6988,3,4552480000875834096,0,0,0,9,5,4,2,10
6989,3,-6617310393569362452,0,0,0,8,3,3,1,8
6990,3,-13917856386191001,0,1,1,7,6,2,1,6
6991,3,1303949843439337477,0,0,0,10,1,6,2,20
6992,3,-7800238331291238503,0,2,2,10,2,4,2,10
6993,3,-8671781787169756645,0,0,0,11,2,5,2,13
6994,3,1820443378441360525,0,2,2,9,1,3,1,11
6995,3,2854478280907416749,0,0,0,8,4,3,1,11
6996,3,-1647198423708846221,0,0,0,13,2,5,1,13
6997,3,-2651168030480069213,0,1,1,10,3,3,1,8
6998,3,4167887984747448571,0,1,1,7,2,3,2,12
6999,3,-6145397366937216057,0,1,1,9,1,4,2,12
7000,3,6622791744407229923,0,0,0,9,3,4,1,11
7001,3,2428817019334690163,0,1,1,9,2,4,2,11
7002,3,9083171574397058770,0,0,0,11,1,6,2,16
7003,3,-3069267974389752180,0,2,2,7,6,2,1,6
7004,3,4124156126045833572,0,1,1,9,3,3,2,8
7005,3,6926930310166487470,0,1,1,9,3,3,2,8
7006,3,-561956813120278907,0,0,0,10,6,4,2,10
7007,3,-4537409599496316760,0,1,1,10,3,4,2,12
7008,3,1184264670643517954,0,1,1,9,2,3,1,9
7009,3,-4350764338369931222,0,2,2,9,5,4,2,11
7010,3,2777221971708792669,0,1,1,8,6,3,2,12
7011,3,-2653917817768312131,0,0,0,7,8,2,1,7
7012,3,3762694856519542752,0,1,1,10,3,3,1,6
7013,3,4255239403744380658,0,1,1,9,4,3,2,8
7014,3,6055563522080611828,0,1,1,11,5,3,1,9
7015,3,3100282428303199454,0,1,1,9,2,3,2,3
7016,3,-3034730753709729358,0,1,1,8,3,3,2,8
7017,3,-1356093758398265659,0,0,0,9,3,4,1,13
7018,3,3461538559402635962,0,0,0,11,2,5,2,11
7019,3,-8104606647725631212,0,2,2,8,2,2,1,7
7020,3,3100143538556181316,0,0,0,9,6,4,2,10
7021,3,-4274967025515278956,0,0,0,9,5,4,2,12
7022,3,6019664367064508532,0,1,1,10,3,4,2,12
7023,3,3644187377470162396,0,0,0,8,6,4,2,14
7024,3,-2562806732612973583,0,1,1,9,6,2,1,2
7025,3,7178626755762053384,0,1,1,7,6,3,2,10
7026,3,-2528938056478321993,0,1,1,8,8,3,2,8
7027,3,-3881599851923011417,0,1,1,7,4,3,2,10
7028,3,6002492749345766700,0,0,0,11,1,4,1,9
7029,3,-5740339521164781319,0,1,1,11,3,4,2,8
7030,3,-4238950493792320399,0,2,2,11,1,3,1,10
7031,3,-2009519747212847015,0,1,1,11,2,4,2,8
7032,3,6331461523419881723,0,0,0,9,8,3,1,12
7033,3,-3064220011113991688,0,0,0,10,3,4,1,9
7034,3,1466558915711411809,0,1,1,9,3,3,1,12
7035,3,7366808453004519371,0,2,2,10,2,5,2,15
7036,3,-2658094746604337034,0,1,1,8,5,3,2,6
7037,3,-8551766119665722,0,1,1,8,4,3,2,8
7038,3,-6606994399931425382,0,0,0,10,4,3,1,5
7039,3,-6966031708532215734,0,0,0,10,1,5,2,14
7040,3,-5533398552955637171,0,2,2,9,2,5,2,20
7041,3,6675710725143957467,0,0,0,7,5,4,2,16
7042,3,-5465287096872205820,0,0,0,12,2,4,1,12
7043,3,-4342075602127352811,0,2,2,12,5,5,2,14
7044,3,-8592948087892530880,0,0,0,11,3,5,1,13
7045,3,-2721214004671476768,0,0,0,8,9,3,2,6
7046,3,2900202927175640283,0,2,2,11,4,5,1,19
7047,3,8275874401695752418,0,0,0,6,7,2,1,6
7048,3,3530899394762273444,0,1,1,9,5,2,1,4
7049,3,-592203924350784459,0,1,1,10,4,2,1,2
7050,3,-776620026565613778,0,1,1,9,3,4,2,12
7051,3,-1167223397464139175,0,2,2,12,1,6,2,17
7052,3,4014588569848089829,0,2,2,10,1,3,1,8
7053,3,9064169809121602156,0,1,1,8,6,3,2,12
7054,3,-2404978791177576351,0,1,1,7,5,1,1,4
7055,3,863550009832453272,0,1,1,12,3,4,1,9
7056,3,7581530042935049726,0,0,0,8,8,4,2,10
7057,3,6046424738551276492,0,0,0,8,3,4,2,11
7058,3,7212790798169937067,0,0,0,10,1,4,2,10
7059,3,6766757750413792941,0,2,2,10,4,4,2,9
7060,3,-4336386741560888830,0,1,1,9,3,4,2,10
7061,3,-4068758755358581809,0,2,2,12,1,5,2,11
7062,3,8229649492834859929,0,0,0,9,3,5,2,16
7063,3,4858540875625659679,0,1,1,12,1,4,1,13
7064,3,6182954918210709911,0,0,0,10,3,4,1,10
7065,3,9174374821567221412,0,2,2,11,2,4,1,11
7066,3,3337487191375582857,0,0,0,12,3,5,1,11
7067,3,6522028344844694630,0,0,0,8,5,5,2,20
7068,3,3707325641796483190,0,1,1,8,4,3,2,8
7069,3,573103427671413677,0,2,2,12,2,5,2,13
7070,3,-64474611437742288,0,0,0,8,5,4,2,12
7071,3,-8068879698077965458,0,0,0,10,1,4,1,9
7072,3,-2384411246051978259,0,1,1,10,2,4,2,8
7073,3,6825201911800238082,0,1,1,10,3,4,2,12
7074,3,-4202669579264223723,0,1,1,8,4,3,2,6
7075,3,-6906454743570242023,0,1,1,10,3,4,2,8
7076,3,3598265996304609628,0,0,0,12,2,5,1,10
7077,3,2211932568764545261,0,2,2,10,5,4,2,15
7078,3,1536616159430039827,0,0,0,13,3,6,1,16
7079,3,-1691241841996548166,0,0,0,10,1,5,2,12
7080,3,1706252460474987707,0,0,0,7,6,2,1,5
7081,3,-168339858386475412,0,1,1,8,6,3,2,6
7082,3,1901092711241869787,0,2,2,9,1,3,1,7
7083,3,-5180063502066553446,0,0,0,9,1,4,1,11
7084,3,3105888814777216787,0,0,0,9,4,4,2,10
7085,3,1586001912204522931,0,1,1,9,3,3,1,8
7086,3,-3835961784327111568,0,0,0,8,8,3,1,9
7087,3,-2493475918122303114,0,1,1,9,1,3,2,6
7088,3,-7151031800967009024,0,1,1,10,7,3,1,7
7089,3,1387002530979609511,0,2,2,13,3,4,1,5
7090,3,-1361938453817514583,0,0,0,6,5,3,2,10
7091,3,1121433221283621887,0,1,1,11,2,4,1,13
7092,3,-7426803405289908938,0,0,0,9,5,4,2,8
7093,3,-5265050439870265501,0,1,1,12,3,4,2,8
7094,3,9048401435234279858,0,0,0,11,4,4,1,11
7095,3,-896710932242755751,0,1,1,10,4,2,1,2
7096,3,-4222036318915832071,0,0,0,8,6,4,1,15
7097,3,6056996182710744247,0,1,1,10,3,4,1,14
7098,3,-441274994787849589,0,0,0,11,2,6,2,18
7099,3,-1566594950840061540,0,0,0,11,1,6,2,16
7100,3,6080143991645939875,0,1,1,10,4,3,1,6
7101,3,-3512102247987638620,0,1,1,7,2,3,2,14
7102,3,2874467280180944520,0,0,0,10,6,3,1,5
7103,3,-8557695769823213738,0,0,0,9,2,3,1,7
7104,3,-7476115555304827358,0,0,0,9,5,3,1,8
7105,3,7666126537628402145,0,1,1,11,7,3,1,7
7106,3,-217821214964500785,0,0,0,10,1,5,2,14
7107,3,-7225662410662146552,0,1,1,8,6,3,2,8
7108,3,-409113823637643401,0,1,1,7,2,3,2,10
7109,3,2469555840139976537,0,1,1,8,4,2,1,8
7110,3,7351135041781403101,0,0,0,10,1,5,2,10
7111,3,-3617535722730457436,0,2,2,11,6,4,2,10
7112,3,-5427826500214036680,0,2,2,11,4,4,1,10
7113,3,-5927545777219686741,0,0,0,9,6,4,1,15
7114,3,-3271816872983579135,0,0,0,13,3,5,1,13
7115,3,-5767502533211267050,0,1,1,9,4,2,1,2
7116,3,-5356605655789014770,0,1,1,9,3,2,1,5
7117,3,4412054449360048297,0,2,2,12,1,5,2,12
7118,3,-8075747152938459168,0,0,0,9,3,5,2,16
7119,3,-7670585119291645512,0,1,1,9,5,2,1,7
7120,3,-6781778615847538632,0,2,2,9,3,3,1,11
7121,3,-968773304879451687,0,1,1,13,2,4,1,8
7122,3,3635579192911204591,0,0,0,11,2,5,1,16
7123,3,-1392551795646814757,0,1,1,11,3,4,1,12
7124,3,-32300504944335353,0,1,1,10,3,4,2,12
7125,3,-6295496786203734793,0,0,0,9,5,3,1,8
7126,3,-8704383966302705156,0,1,1,14,1,5,2,7
7127,3,1342927660557849669,0,0,0,13,1,7,2,18
7128,3,3787665557276905568,0,0,0,10,1,4,1,13
7129,3,811127667381894513,0,2,2,14,1,6,2,11
7130,3,-4012796043800265306,0,1,1,10,1,3,1,10
7131,3,6054266615838493870,0,0,0,9,6,3,1,11
7132,3,2793962751919368253,0,0,0,10,4,5,2,12
7133,3,3404415335846060521,0,1,1,9,5,2,1,7
7134,3,1899021599419414240,0,1,1,9,4,3,2,8
7135,3,-4907390383466729150,0,1,1,7,2,2,1,5
7136,3,-273209616878833620,0,2,2,9,5,3,1,7
7137,3,-3205688540052107593,0,0,0,7,9,3,2,10
7138,3,-6172453769565188238,0,1,1,9,5,3,2,8
7139,3,-7937213413132484318,0,1,1,10,2,3,1,9
7140,3,-5818136868065684786,0,0,0,11,2,6,2,16
7141,3,3739154857433845861,0,1,1,10,3,5,2,18
7142,3,2199416652572087928,0,1,1,13,1,4,1,9
7143,3,-1531281114045971742,0,1,1,11,1,4,2,10
7144,3,-1651733115942317735,0,0,0,8,4,3,1,8
7145,3,-2392754886607847887,0,1,1,10,2,3,1,6
7146,3,7955726245549852385,0,1,1,11,1,4,1,9
7147,3,8970300406464462605,0,1,1,12,2,2,1,6
7148,3,-2685520177050156521,0,1,1,9,6,3,2,8
7149,3,5692827107184417934,0,2,2,14,2,5,2,7
7150,3,-6875736826611995151,0,1,1,8,3,3,2,10
7151,3,-496706311785428323,0,2,2,9,5,3,1,9
7152,3,-7219908903301636379,0,0,0,13,3,5,1,11
7153,3,2535716360326139811,0,2,2,9,1,4,2,10
7154,3,6863180983785382335,0,2,2,10,1,5,2,18
7155,3,-7924720819594419837,0,2,2,13,1,7,2,20
7156,3,-1475444419393199179,0,0,0,9,1,4,1,16
7157,3,-5984044489592283702,0,1,1,9,3,3,1,9
7158,3,-3558584699530360904,0,2,2,9,1,5,2,20
7159,3,-1708494004979543771,0,0,0,10,7,3,1,5
7160,3,1126332289433091340,0,0,0,10,4,5,2,12
7161,3,4142307449448595986,0,2,2,9,3,4,2,11
7162,3,-7889852724017829094,0,0,0,9,1,4,1,13
7163,3,-7270507304035831078,0,1,1,9,6,2,1,5
7164,3,-972636785144904060,0,0,0,10,1,3,1,9
7165,3,-1863495106890854722,0,1,1,9,7,4,2,13
7166,3,8849723786574898042,0,0,0,8,3,3,1,11
7167,3,-2740740390445386128,0,2,2,8,5,4,2,16
7168,3,-8048845979100079797,0,0,0,12,2,5,2,11
7169,3,829344685381558212,0,0,0,8,1,3,1,7
7170,3,-2254440543117407425,0,2,2,10,2,4,2,13
7171,3,-2575651451663975257,0,0,0,9,4,4,2,10
7172,3,4117713610091457187,0,0,0,12,2,4,1,12
7173,3,5319942963965861199,0,1,1,10,1,4,2,12
7174,3,6393988617199453732,0,2,2,10,1,4,1,13
7175,3,-2010844804099833420,0,2,2,11,1,5,2,12
7176,3,3211579567224355424,0,2,2,10,5,3,2,5
7177,3,702019275321314878,0,0,0,9,2,5,2,16
7178,3,7361155458176954,0,1,1,7,3,2,1,6
7179,3,9131970737723185087,0,1,1,9,3,4,2,14
7180,3,-7438741574753267347,0,2,2,9,3,4,2,11
7181,3,-3113216118897722717,0,1,1,12,2,4,1,6
7182,3,6193846354797070819,0,1,1,9,3,3,2,10
7183,3,641654554773811557,0,1,1,9,1,2,1,5
7184,3,1612907903277060167,0,0,0,11,4,4,1,9
7185,3,4698061505350606404,0,1,1,9,6,3,2,3
7186,3,4853077878476039000,0,1,1,8,8,2,2,6
7187,3,1862067445587868726,0,0,0,10,5,4,1,11
7188,3,5755647222949318016,0,0,0,11,2,6,2,18
7189,3,5526118398062701341,0,0,0,12,2,4,1,10
7190,3,-5826319903860576731,0,0,0,11,1,5,2,14
7191,3,6619962568499120952,0,1,1,8,6,3,2,12
7192,3,-6796935621323619267,0,2,2,14,1,6,2,16
7193,3,-1544475976138236965,0,0,0,11,1,5,2,14
7194,3,-4813627328047378904,0,0,0,10,5,5,2,12
7195,3,-8803377728540978846,0,1,1,11,1,4,2,10
7196,3,2786694655910679225,0,0,0,10,1,4,1,14
7197,3,4121600652728014435,0,1,1,12,3,4,2,10
7198,3,-6739072293342533739,0,1,1,11,1,4,2,6
7199,3,-7154657005732991966,0,2,2,10,1,4,2,11
7200,3,-3256603320055150400,0,1,1,9,2,4,2,13
7201,3,5448660360449187401,0,1,1,11,1,3,1,5
7202,3,-3893940425805539980,0,1,1,9,4,3,1,8
7203,3,7007527530170138072,0,2,2,9,4,3,2,4
7204,3,-886629147406236107,0,2,2,11,1,6,2,20
7205,3,-5479630132058826919,0,0,0,8,7,4,2,12
7206,3,-2270472213358858207,0,2,2,10,1,4,1,13
7207,3,-3358033019497392040,0,1,1,7,6,2,1,7
7208,3,-5932797431781299828,0,2,2,11,2,5,2,13
7209,3,279153766132226066,0,1,1,9,2,4,2,14
7210,3,4606901310716044236,0,2,2,10,4,4,2,10
7211,3,-1018363057680795796,0,0,0,9,2,4,1,14
7212,3,-3343809752860160432,0,0,0,9,3,4,1,13
7213,3,5204284761772346406,0,1,1,11,2,4,2,8
7214,3,2039018984157075191,0,0,0,10,2,3,1,9
7215,3,-6326522560475460784,0,0,0,8,7,3,1,9
7216,3,-5304293917505709154,0,1,1,8,4,3,2,9
7217,3,2130471372339357436,0,0,0,12,3,5,2,12
7218,3,-4058194185852313349,0,1,1,10,1,4,2,10
7219,3,5337306502998610740,0,1,1,10,2,4,2,8
7220,3,-7561489086816116055,0,1,1,10,1,4,2,9
7221,3,6582439419395319342,0,1,1,7,5,2,2,6
7222,3,6643356678110171267,0,1,1,8,7,3,2,7
7223,3,-6145098764168214594,0,0,0,12,5,4,1,8
7224,3,6104747435810606388,0,2,2,12,1,4,1,10
7225,3,8922018294034899979,0,1,1,9,4,4,2,12
7226,3,2105793042419712526,0,0,0,9,5,4,2,10
7227,3,-2609025566881901179,0,1,1,10,1,3,1,8
7228,3,7053805415215750171,0,1,1,9,6,4,2,14
7229,3,-2956711450454377962,0,2,2,8,3,3,2,8
7230,3,-1464338375992359311,0,1,1,9,1,4,2,13
7231,3,-8434767811677591657,0,2,2,11,4,4,2,7
7232,3,795043086455535050,0,0,0,11,2,5,2,11
7233,3,9160518362053538693,0,0,0,10,1,4,1,10
7234,3,4259372672040786259,0,1,1,12,4,5,2,15
7235,3,-2164361995119934988,0,0,0,8,2,4,2,12
7236,3,5056673692468954308,0,0,0,9,6,4,2,10
7237,3,1007561935445053379,0,1,1,11,2,3,1,5
7238,3,1140521641817122736,0,1,1,9,5,2,2,2
7239,3,1393504069681556496,0,0,0,8,7,3,1,9
7240,3,-5622697479160404451,0,1,1,10,6,3,2,8
7241,3,-496914887759620882,0,2,2,9,2,4,2,10
7242,3,-5736786227486054825,0,1,1,8,6,3,2,12
7243,3,5293614687119387477,0,0,0,10,5,5,1,15
7244,3,8262168273859225601,0,1,1,11,1,5,2,13
7245,3,1535994976566964825,0,0,0,9,7,5,2,18
7246,3,-2370752013713999764,0,1,1,10,1,4,2,10
7247,3,-9012254820922847841,0,1,1,9,5,3,2,8
7248,3,3007036907995404331,0,1,1,8,7,2,1,6
7249,3,-4001635212045126900,0,2,2,8,5,3,1,12
7250,3,-6741392968144001562,0,0,0,10,2,5,2,14
7251,3,187424054167897022,0,1,1,9,5,2,1,3
7252,3,6573413345328095854,0,1,1,11,5,4,1,8
7253,3,678284986403110975,0,1,1,9,3,3,1,7
7254,3,-2486223766958595566,0,0,0,11,3,5,2,10
7255,3,6803238141985033207,0,1,1,10,5,4,2,10
7256,3,3603718248593456944,0,0,0,9,1,4,1,13
7257,3,-5309668989651209245,0,0,0,8,1,4,2,14
7258,3,4307347233444749838,0,0,0,8,5,4,2,10
7259,3,-2010336293002924924,0,1,1,7,6,3,2,13
7260,3,-5007795932059422230,0,1,1,9,8,2,2,2
7261,3,-467000776615478503,0,1,1,9,1,2,1,5
7262,3,4477753185956250447,0,0,0,8,6,3,1,11
7263,3,-51800846807073265,0,1,1,9,3,4,2,12
7264,3,6453889492667094953,0,1,1,11,4,3,1,9
7265,3,7901693522434984120,0,0,0,10,4,5,2,12
7266,3,-8603186210305342948,0,0,0,10,3,5,2,18
7267,3,-8602770157037287877,0,2,2,9,1,3,1,9
7268,3,8910356790567798160,0,0,0,9,3,5,2,16
7269,3,8194495934737127371,0,0,0,9,1,5,2,18
7270,3,-1496825066887282672,0,0,0,11,1,4,1,8
7271,3,7634809687569293851,0,0,0,10,3,5,2,15
7272,3,3921374843813230420,0,0,0,12,1,5,2,12
7273,3,-6469079932266709487,0,1,1,9,3,3,1,10
7274,3,174457471790389916,0,0,0,11,2,5,1,13
7275,3,-3478199258393624391,0,1,1,9,2,4,2,10
7276,3,-2502221533090951746,0,0,0,10,6,5,2,11
7277,3,-2539579051006423428,0,0,0,9,2,4,2,14
7278,3,-5377605143192022654,0,0,0,8,2,5,2,20
7279,3,3742902384836619665,0,0,0,10,3,5,2,12
7280,3,6321283110136880429,0,0,0,8,5,4,2,10
7281,3,-2629353470226478158,0,1,1,9,2,3,1,12
7282,3,5432009253552667995,0,0,0,8,1,4,2,14
7283,3,-1474926323454399725,0,2,2,9,5,3,1,13
7284,3,6804208434356145169,0,0,0,9,7,4,2,8
7285,3,3932933444362447503,0,0,0,7,5,4,2,18
7286,3,5429333494388708882,0,1,1,10,3,3,2,4
7287,3,-9006114492963054300,0,1,1,11,4,3,1,10
7288,3,-6755442398688165519,0,1,1,10,4,3,1,9
7289,3,2963453208551433377,0,0,0,7,5,2,1,7
7290,3,-2691383107510531737,0,0,0,13,1,5,1,10
7291,3,2567301396006044573,0,0,0,11,1,4,1,8
7292,3,5105138830999446374,0,0,0,7,6,3,1,13
7293,3,-3984053776793888085,0,0,0,9,1,4,1,12
7294,3,-2650174771799449234,0,0,0,9,3,5,2,16
7295,3,7953717277621716171,0,1,1,7,9,2,2,6
7296,3,613137449552930206,0,0,0,11,5,5,2,16
7297,3,2693595050416047906,0,1,1,10,1,4,2,9
7298,3,-7309682396278228211,0,0,0,7,9,3,2,8
7299,3,-5279009236020541459,0,1,1,8,2,3,2,8
7300,3,-2647064549462906918,0,1,1,14,1,5,2,10
7301,3,-1633932705461239629,0,1,1,10,4,4,2,11
7302,3,9069699050033351809,0,1,1,9,2,3,1,10
7303,3,5396588012256403386,0,0,0,8,8,4,2,12
7304,3,-3491584878580734864,0,1,1,8,3,3,2,10
7305,3,-3231779442708443973,0,1,1,7,6,1,1,2
7306,3,-5063665497023726631,0,1,1,8,5,3,2,12
7307,3,-8951806386676267816,0,0,0,9,1,5,2,18
7308,3,-8152033739326492983,0,1,1,8,7,2,1,6
7309,3,-710820281994296883,0,1,1,10,2,3,1,5
7310,3,-3611677728816298631,0,0,0,12,3,5,2,8
7311,3,-6105487804772720538,0,0,0,10,3,5,2,14
7312,3,-3362643979455053340,0,1,1,10,3,4,2,10
7313,3,288181556174469680,0,2,2,9,3,4,2,13
7314,3,3461346839241585305,0,0,0,10,6,3,1,5
7315,3,7163368446781204083,0,1,1,7,8,2,2,4
7316,3,-4401214514152202542,0,0,0,10,5,3,1,9
7317,3,289765969171240542,0,0,0,8,2,4,2,10
7318,3,5394690157837541316,0,2,2,8,5,3,1,14
7319,3,2112746879777423492,0,0,0,8,3,3,1,9
7320,3,7915360602186447672,0,0,0,12,2,5,1,14
7321,3,-4353730654817857657,0,0,0,9,2,5,2,18
7322,3,-5152870727154560166,0,0,0,9,3,5,2,18
7323,3,6576406637576308754,0,2,2,12,3,4,1,12
7324,3,-1908821834434805808,0,1,1,10,2,2,1,4
7325,3,-257297102243161588,0,1,1,9,2,4,2,14
7326,3,7649489439377466382,0,1,1,9,5,2,2,4
7327,3,-1354806602765790967,0,1,1,12,5,5,2,11
7328,3,1999189876686935784,0,2,2,10,4,3,1,4
7329,3,-6536672217526593532,0,0,0,7,8,2,1,3
7330,3,4682826323671297896,0,2,2,12,4,4,2,4
7331,3,1402567088393258059,0,1,1,10,1,4,2,11
7332,3,31276440408869601,0,1,1,9,1,3,2,8
7333,3,2416844386116541370,0,2,2,10,2,5,2,18
7334,3,8493590695434870851,0,0,0,9,4,5,2,18
7335,3,8622601674129852971,0,1,1,11,5,3,2,5
7336,3,-3912247197248703311,0,0,0,12,4,6,2,16
7337,3,949498352362764844,0,1,1,9,3,4,2,10
7338,3,1222956330344924496,0,1,1,8,6,1,1,3
7339,3,4022403548026193139,0,0,0,12,2,6,2,12
7340,3,665692402253052514,0,2,2,9,3,4,2,10
7341,3,3617442476989509006,0,0,0,9,1,4,1,12
7342,3,-7249301451356997742,0,0,0,10,3,4,2,10
7343,3,-3144704241950631074,0,1,1,9,5,3,2,5
7344,3,-9121153467773461103,0,0,0,11,5,4,2,9
7345,3,-3662556609736079419,0,0,0,9,4,4,1,11
7346,3,2880432371533713633,0,0,0,11,1,6,2,16
7347,3,-5944943468729953506,0,2,2,9,4,4,2,14
7348,3,-8979493252477658641,0,1,1,11,1,3,1,6
7349,3,-6440136142964493075,0,0,0,10,5,5,2,12
7350,3,-3873406709052902809,0,0,0,10,2,5,2,13
7351,3,-2225715198610703529,0,1,1,11,3,4,2,10
7352,3,-203027351155125309,0,1,1,8,2,3,2,10
7353,3,-5800664290145874476,0,1,1,11,2,3,1,7
7354,3,-7706886146384176347,0,1,1,10,1,5,2,16
7355,3,-4167008367457638622,0,1,1,7,9,1,1,2
7356,3,5012638547677828711,0,1,1,9,8,2,1,5
7357,3,-4694743283265783172,0,0,0,9,6,5,2,16
7358,3,4923273472641420911,0,2,2,8,3,3,2,8
7359,3,-631126044700215285,0,1,1,12,2,4,1,13
7360,3,2390668769479074503,0,0,0,11,1,6,2,16
7361,3,-4076816357015313251,0,1,1,10,3,4,2,13
7362,3,-4029172019194312084,0,0,0,12,1,5,2,6
7363,3,-2756929572697507692,0,0,0,9,5,3,1,9
7364,3,8297646317723864549,0,1,1,8,4,3,2,6
7365,3,6626556248075385376,0,1,1,10,1,4,2,8
7366,3,40549216176033431,0,0,0,9,1,5,2,16
7367,3,-3178964953101629776,0,0,0,12,1,6,2,14
7368,3,-8549125721432674473,0,1,1,8,5,2,1,6
7369,3,-6829372016329769051,0,1,1,12,2,4,2,5
7370,3,2165211228828021313,0,1,1,10,6,3,2,8
7371,3,-1187151467848823224,0,0,0,10,5,5,2,16
7372,3,-374492950889750585,0,1,1,10,4,4,2,10
7373,3,-2513935803323993346,0,0,0,9,9,2,1,3
7374,3,4680720343862299404,0,1,1,12,1,5,2,10
7375,3,8959184701098070970,0,1,1,8,3,3,2,12
7376,3,-7134370167717066894,0,1,1,11,3,3,1,6
7377,3,-6164151455224676942,0,0,0,9,4,4,1,15
7378,3,2958961717271323505,0,1,1,13,2,4,2,6
7379,3,6917335364402269781,0,1,1,9,5,3,1,9
7380,3,3111330924439092394,0,0,0,13,1,6,2,12
7381,3,8737059629708277627,0,0,0,12,3,5,2,10
7382,3,-216340670676958917,0,0,0,8,5,4,2,12
7383,3,2839655924166890206,0,1,1,9,8,3,2,10
7384,3,-2821671533295685036,0,2,2,11,3,5,2,15
7385,3,7743415998293375176,0,2,2,11,2,5,2,14
7386,3,8460921312691158026,0,0,0,12,1,5,2,12
7387,3,-7492678950465958387,0,0,0,10,2,6,2,20
7388,3,3374537075401586283,0,1,1,11,1,3,1,8
7389,3,-3554785864684323524,0,0,0,10,3,4,1,14
7390,3,106418878958429138,0,0,0,9,4,4,2,10
7391,3,8417228662732738321,0,0,0,11,2,5,1,12
7392,3,4682839199970558075,0,0,0,9,1,3,1,8
7393,3,7721586812653426221,0,1,1,9,7,3,1,10
7394,3,-3714442930175461543,0,0,0,6,8,2,1,8
7395,3,7392758629289370120,0,1,1,14,1,5,2,8
7396,3,-9207833865886052314,0,1,1,9,7,3,2,7
7397,3,-6825525183445144282,0,2,2,8,2,3,1,11
7398,3,-1822640453930325316,0,1,1,9,2,4,2,10
7399,3,8901496049011112584,0,2,2,11,2,4,2,10
7400,3,3118884524368092067,0,0,0,7,2,4,2,18
7401,3,-3020310274542430619,0,1,1,11,3,3,1,7
7402,3,3914770260994604522,0,0,0,12,1,6,2,14
7403,3,9090333034011962905,0,1,1,13,4,5,1,9
7404,3,-6424213831829926342,0,1,1,9,3,3,1,6
7405,3,48887359138919261,0,0,0,9,5,3,1,12
7406,3,4475312855061226279,0,0,0,11,5,4,2,8
7407,3,8664268228444864185,0,1,1,11,3,4,1,11
7408,3,-3209355659801684279,0,2,2,6,8,3,2,15
7409,3,4735288797576766774,0,0,0,8,5,3,1,11
7410,3,4302581326182151563,0,0,0,14,1,5,1,9
7411,3,1320446679844975958,0,2,2,9,2,4,2,13
7412,3,-3560121274111179198,0,1,1,9,6,2,1,5
7413,3,5690953752027172680,0,1,1,9,1,3,1,8
7414,3,-7479132168187101311,0,1,1,9,4,4,2,14
7415,3,2645371026912578647,0,1,1,10,2,3,1,4
7416,3,7629060113446911531,0,2,2,10,2,5,2,16
7417,3,2669190996463217060,0,1,1,8,4,4,2,16
7418,3,2904919938834911560,0,0,0,10,2,3,1,7
7419,3,-4954107010567362028,0,1,1,9,2,3,2,9
7420,3,729415009367404316,0,0,0,10,6,5,2,12
7421,3,-2206773062853024885,0,1,1,8,4,3,2,11
7422,3,4900412453045036917,0,1,1,9,1,3,1,9
7423,3,90996485317487449,0,1,1,12,1,5,2,13
7424,3,-8223256884693604540,0,1,1,9,5,3,1,11
7425,3,-2347530971200580108,0,2,2,11,2,3,1,7
7426,3,5718440455814193519,0,0,0,7,2,3,1,12
7427,3,532450058308795879,0,2,2,13,2,5,2,11
7428,3,5870672536523370725,0,1,1,9,2,3,2,6
7429,3,3712227287290873354,0,1,1,8,4,3,2,8
7430,3,-1674282883899717646,0,0,0,11,1,5,2,10
7431,3,1816031049302969075,0,1,1,9,5,3,2,12
7432,3,7267702194774966484,0,1,1,10,4,4,2,6
7433,3,7399034187041863596,0,2,2,9,2,4,2,12
7434,3,-7860685074236808307,0,0,0,8,3,4,2,10
7435,3,7268895616594162086,0,1,1,10,4,4,2,12
7436,3,-8231066422716353286,0,1,1,11,2,4,2,6
7437,3,-1828732735258603540,0,0,0,9,4,5,2,18
7438,3,6567712732166218532,0,1,1,8,3,2,1,6
7439,3,814170198260404635,0,0,0,9,2,4,2,11
7440,3,-4691643403089993003,0,1,1,9,5,4,2,11
7441,3,-756138639264757871,0,2,2,10,8,2,1,3
7442,3,-5828846499600166290,0,2,2,9,7,4,2,12
7443,3,5429350853737702755,0,1,1,8,3,3,2,10
7444,3,4835136935563376119,0,0,0,9,4,3,1,8
7445,3,385802231297781140,0,0,0,12,3,6,2,14
7446,3,5676437918588543096,0,1,1,9,4,3,2,8
7447,3,6864337756170104068,0,1,1,5,5,2,2,10
7448,3,-429232697870623098,0,0,0,9,8,4,2,10
7449,3,5985862855991425446,0,1,1,9,5,3,2,9
7450,3,741262908434970144,0,2,2,10,3,4,2,11
7451,3,-3507917744423606154,0,0,0,6,5,3,2,12
7452,3,-6233361290524520517,0,1,1,9,3,3,1,11
7453,3,5007080956094459561,0,0,0,12,5,4,1,7
7454,3,-4237796353946968934,0,0,0,8,2,4,2,14
7455,3,8159893936683180581,0,0,0,10,3,5,2,16
7456,3,-7686260484333105565,0,2,2,11,1,5,2,14
7457,3,-8289948747776881357,0,1,1,8,8,3,2,12
7458,3,791949677836170223,0,2,2,10,2,3,1,10
7459,3,580808796372715890,0,0,0,12,1,5,2,10
7460,3,5049615639163735905,0,2,2,11,2,4,2,7
7461,3,4634109647718782478,0,2,2,13,3,5,2,14
7462,3,6567970988091488633,0,0,0,10,5,3,1,9
7463,3,8959730954313948466,0,1,1,9,6,3,1,8
7464,3,-6607850720854366678,0,1,1,12,1,5,2,12
7465,3,4346009192936365242,0,1,1,11,4,3,2,8
7466,3,3809915178678017641,0,0,0,9,3,4,2,10
7467,3,-1080728399603177939,0,1,1,10,3,4,2,10
7468,3,6150013084197618503,0,1,1,8,4,3,2,8
7469,3,-2679252130439353878,0,2,2,10,6,3,2,8
7470,3,-3070959723335242175,0,1,1,11,5,3,1,7
7471,3,-8275863967325486688,0,0,0,9,2,5,2,18
7472,3,-7765087732130905385,0,1,1,10,2,4,2,8
7473,3,-5813506466490716669,0,0,0,12,3,5,1,14
7474,3,-8251060202760059558,0,2,2,11,2,4,2,8
7475,3,-5790817838949352516,0,1,1,9,5,2,1,5
7476,3,-7522568479167673590,0,1,1,8,7,3,2,10
7477,3,6243649438953112480,0,1,1,7,5,3,2,10
7478,3,-8237282255264164000,0,2,2,10,6,4,2,13
7479,3,7298124897457076772,0,2,2,11,1,4,1,11
7480,3,-859561809653974361,0,2,2,8,3,4,2,15
7481,3,-8079483546955759088,0,2,2,8,1,3,1,11
7482,3,720412714421503440,0,0,0,10,3,5,2,16
7483,3,7418469690711783027,0,1,1,9,2,2,1,3
7484,3,5800362963246573447,0,0,0,8,2,4,2,14
7485,3,-4265505460159881258,0,1,1,9,3,3,1,10
7486,3,-6814427641591789951,0,1,1,11,3,5,2,11
7487,3,-7425919498030151500,0,1,1,7,1,3,2,10
7488,3,3447778001894337815,0,1,1,10,3,4,2,7
7489,3,-2265385266865134295,0,0,0,9,6,4,2,12
7490,3,482371475965499928,0,2,2,9,7,3,2,6
7491,3,99130986211049960,0,1,1,9,7,2,1,3
7492,3,-8449219718908163366,0,1,1,15,5,5,1,10
7493,3,-3233240804608348558,0,0,0,8,5,4,2,14
7494,3,177576734511321746,0,1,1,7,5,2,2,4
7495,3,8035118157231707780,0,1,1,9,5,3,2,3
7496,3,8134982642851812069,0,0,0,10,1,5,2,10
7497,3,7558860847073296080,0,1,1,8,7,1,1,3
7498,3,685908725305846206,0,1,1,10,1,3,1,9
7499,3,-7333166886156314384,0,1,1,7,2,3,2,11
7500,3,-1083165563219072926,0,0,0,7,7,2,1,5
7501,3,3282447257281176215,0,0,0,7,9,2,1,3
7502,3,-3791233754352916544,0,1,1,9,6,4,2,12
7503,3,5772293730131887113,0,2,2,8,4,2,1,5
7504,3,1413228980223495693,0,1,1,7,5,3,2,10
7505,3,-1596699124639358516,0,0,0,12,1,6,2,14
7506,3,5792750164533762448,0,1,1,10,2,3,2,10
7507,3,8050062906588976543,0,1,1,9,2,4,2,12
7508,3,-3697752145720900422,0,1,1,9,5,3,2,7
7509,3,-1434108910151761237,0,0,0,6,4,3,1,15
7510,3,8663409280767514489,0,0,0,8,2,4,2,11
7511,3,-4378855082807969544,0,1,1,8,1,3,2,7
7512,3,7198115451797420493,0,1,1,9,5,3,2,8
7513,3,-5509904310129157086,0,2,2,11,2,5,2,12
7514,3,-1408183994596336742,0,0,0,8,8,3,1,11
7515,3,-8762862912411254453,0,0,0,9,4,3,1,8
7516,3,-258028233832020544,0,1,1,11,2,4,2,8
7517,3,-4131932614959237037,0,2,2,8,4,3,1,11
7518,3,-1979769743036848024,0,0,0,8,1,4,1,15
7519,3,5935215290413282374,0,0,0,10,4,4,1,13
7520,3,-7983665289526560096,0,2,2,11,2,5,2,15
7521,3,8456934326998959894,0,2,2,11,4,4,2,7
7522,3,7727055826158305066,0,1,1,11,3,4,2,9
7523,3,7435025717990548617,0,1,1,8,2,3,2,10
7524,3,-1009747377972313455,0,2,2,8,5,3,1,10
7525,3,543304594292580468,0,2,2,12,1,4,1,9
7526,3,3441699749971125884,0,0,0,8,6,3,1,9
7527,3,-3557595712924492759,0,0,0,11,5,4,2,8
7528,3,813426828792647238,0,1,1,13,1,4,2,9
7529,3,7007112070496147245,0,1,1,10,2,3,1,12
7530,3,5665883331707896013,0,2,2,11,1,4,1,9
7531,3,-6852040720145197266,0,2,2,12,4,4,1,11
7532,3,712421943253750665,0,2,2,8,4,3,1,11
7533,3,8486129190718708531,0,1,1,9,7,3,2,8
7534,3,-1640343866387631391,0,1,1,10,1,3,1,6
7535,3,-4077863532123468267,0,0,0,10,3,4,1,11
7536,3,-5150456938547291207,0,1,1,7,5,2,2,8
7537,3,-346880565782959059,0,1,1,10,6,3,1,10
7538,3,-3108221956076381617,0,2,2,11,5,3,1,7
7539,3,-697557435655729074,0,0,0,10,1,4,1,11
7540,3,-3685424168084889017,0,0,0,9,3,5,2,18
7541,3,-5753012393996035083,0,1,1,11,2,4,1,10
7542,3,2614109430897529859,0,0,0,9,4,3,1,7
7543,3,4183266584947257023,0,1,1,11,6,3,2,3
7544,3,-5266775359276481736,0,0,0,10,1,5,2,16
7545,3,3324136918449430810,0,1,1,7,7,2,2,6
7546,3,-3366479590747434307,0,0,0,9,2,5,2,16
7547,3,7035833002876565055,0,1,1,9,1,3,1,7
7548,3,-1401610046179477082,0,1,1,11,1,3,1,5
7549,3,-5608781164023449249,0,1,1,10,5,4,2,8
7550,3,6189584312000038289,0,0,0,11,6,4,1,6
7551,3,-4355681848364369380,0,1,1,9,2,4,2,14
7552,3,-7443245393504080321,0,2,2,8,4,3,2,9
7553,3,9154397890008390714,0,0,0,9,2,5,2,16
7554,3,-7563161819305685402,0,1,1,9,2,3,1,8
7555,3,6244061614231662230,0,2,2,14,2,6,2,11
7556,3,892096407000896964,0,1,1,10,1,4,2,7
7557,3,8895713725919624534,0,1,1,8,3,2,1,2
7558,3,2074807944609450103,0,2,2,12,1,4,1,9
7559,3,-2505542313161944223,0,2,2,12,2,5,2,12
7560,3,5598786179411353483,0,0,0,8,4,3,1,13
7561,3,8594091660939960081,0,2,2,14,1,4,1,7
7562,3,3942672200483692245,0,1,1,7,5,3,2,12
7563,3,-1421907569490792921,0,2,2,11,1,4,2,9
7564,3,-6378503859191483394,0,1,1,11,1,4,2,10
7565,3,1391704735079937279,0,0,0,12,3,5,1,9
7566,3,6108120812259013346,0,1,1,9,1,4,2,14
7567,3,-1335635835018373884,0,2,2,9,3,3,1,11
7568,3,3035594805575729946,0,2,2,12,1,4,1,10
7569,3,-6977787772445485467,0,0,0,11,4,4,1,10
7570,3,-8086925873714621737,0,1,1,8,4,3,2,8
7571,3,-2981227879309997816,0,1,1,8,4,2,1,4
7572,3,-6570874156825074959,0,2,2,10,6,2,1,3
7573,3,6972655044014309566,0,1,1,11,1,5,2,14
7574,3,1622906861146128447,0,1,1,7,3,3,2,10
7575,3,3850161034116292792,0,0,0,11,3,3,1,5
7576,3,-4883691029844492760,0,1,1,10,5,3,1,10
7577,3,-6773603134758442438,0,2,2,8,3,3,2,12
7578,3,-653266706114083206,0,1,1,12,4,3,1,3
7579,3,6537687151444689550,0,0,0,11,1,4,1,8
7580,3,7667896068471427706,0,0,0,9,7,3,1,6
7581,3,-8036979393001642950,0,0,0,10,5,5,2,12
7582,3,-8873301703490182853,0,2,2,8,3,3,1,14
7583,3,-1957057528993140876,0,1,1,11,3,4,2,9
7584,3,7020094950961397555,0,2,2,8,3,3,2,9
7585,3,8365555699050778070,0,0,0,11,2,6,2,16
7586,3,8247356162482991882,0,2,2,10,1,4,2,10
7587,3,-6589924335359763123,0,2,2,9,1,4,2,12
7588,3,-9165588064641014859,0,0,0,13,4,6,2,10
7589,3,99059884079715927,0,0,0,11,1,5,2,10
7590,3,-8628841052825875517,0,1,1,9,2,4,2,10
7591,3,-2543519340760047251,0,1,1,8,7,3,2,10
7592,3,-3733650344263971337,0,1,1,10,2,3,1,10
7593,3,-7762571095419269187,0,0,0,10,6,5,2,14
7594,3,-3656012039712571626,0,2,2,10,2,4,2,13
7595,3,2931480293964081947,0,0,0,12,2,6,2,14
7596,3,1692826311716976896,0,1,1,10,3,4,2,10
7597,3,-1066836051336834759,0,0,0,12,2,5,1,11
7598,3,-2750723053522531579,0,1,1,8,6,2,1,6
7599,3,-1577494067227668970,0,0,0,7,4,3,1,10
7600,3,-1478429074114913423,0,0,0,6,6,2,1,6
7601,3,-4502082360793454156,0,1,1,10,1,4,2,11
7602,3,144521272897375848,0,0,0,6,6,2,1,8
7603,3,-394296621320495859,0,1,1,8,2,3,2,8
7604,3,-311489633905015303,0,0,0,10,3,4,1,10
7605,3,7029742041955115591,0,1,1,9,3,2,1,7
7606,3,-91984444771020948,0,1,1,9,3,4,2,14
7607,3,-9077225446591753178,0,1,1,8,2,3,2,10
7608,3,-1951734705431260706,0,1,1,9,2,3,1,12
7609,3,-4758345204118859583,0,1,1,10,7,3,2,6
7610,3,-4684677539040685552,0,0,0,8,3,3,1,7
7611,3,4607492264270943096,0,0,0,13,2,6,2,14
7612,3,-3312146606717476997,0,1,1,7,7,2,2,2
7613,3,-1225516572098332123,0,0,0,9,2,4,1,15
7614,3,1502404665625427622,0,2,2,7,2,4,2,20
7615,3,5124640558951164304,0,1,1,11,1,3,1,3
7616,3,1330375216256722108,0,2,2,9,4,4,2,13
7617,3,-570620317763418840,0,1,1,11,2,3,1,9
7618,3,287403098822858840,0,1,1,10,2,3,1,8
7619,3,3130424028205624816,0,1,1,11,3,4,1,8
7620,3,-6579895241266426973,0,1,1,10,4,4,2,10
7621,3,-7879037975066329929,0,0,0,10,3,4,1,11
7622,3,-7924514785453898847,0,0,0,8,4,3,1,7
7623,3,-2122162907361809524,0,0,0,10,3,4,1,12
7624,3,3811398686380482759,0,1,1,12,2,4,1,10
7625,3,3688442830626988655,0,0,0,11,4,4,1,8
7626,3,1944510449421835472,0,1,1,11,1,4,2,9
7627,3,2732604291069369163,0,2,2,9,3,4,2,13
7628,3,1605828286137864656,0,1,1,11,2,2,1,5
7629,3,-8659526711063178973,0,1,1,12,3,4,2,5
7630,3,6234157829151825545,0,1,1,10,3,3,2,12
7631,3,-515586700279779700,0,0,0,12,4,5,1,12
7632,3,5461661885926816764,0,0,0,11,1,6,2,16
7633,3,-8632992489228636325,0,0,0,13,1,6,2,10
7634,3,7836471763833559107,0,0,0,9,4,3,1,8
7635,3,1215182750567295390,0,1,1,7,4,3,2,10
7636,3,-3800376531065894243,0,0,0,10,5,4,2,8
7637,3,-3591742844963343921,0,2,2,13,4,6,2,15
7638,3,-5478953011786222390,0,0,0,9,3,3,1,9
7639,3,4881511124479888966,0,2,2,12,2,3,1,3
7640,3,-4304781332646533735,0,1,1,10,5,3,2,6
7641,3,6313503950079290863,0,1,1,8,5,3,2,10
7642,3,-982764915517697858,0,2,2,10,2,4,2,9
7643,3,-3884744963003640259,0,0,0,8,5,3,1,11
7644,3,-2725408487298600983,0,2,2,15,1,6,1,13
7645,3,123041436828449886,0,1,1,9,2,2,1,5
7646,3,5310685466572103955,0,2,2,12,3,5,2,12
7647,3,1878811778975055280,0,1,1,8,5,2,1,6
7648,3,-1210766657560455654,0,1,1,11,1,5,2,12
7649,3,423184873572330354,0,1,1,10,3,4,2,10
7650,3,4940593079612860816,0,1,1,8,4,2,1,4
7651,3,6485710364602867134,0,1,1,9,5,3,2,4
7652,3,6072364103669509327,0,1,1,9,3,4,2,14
7653,3,-9097753328405577289,0,1,1,9,4,3,2,4
7654,3,-2921611189908356272,0,1,1,7,6,1,1,2
7655,3,-1251410136862812418,0,1,1,10,2,4,2,8
7656,3,-1130771870638366916,0,1,1,8,7,2,1,6
7657,3,-7291199632420564887,0,1,1,8,5,2,1,8
7658,3,-8497315780199992509,0,0,0,8,4,4,2,12
7659,3,8459293731224423414,0,0,0,9,7,2,1,5
7660,3,3969544893451906477,0,0,0,11,1,5,2,10
7661,3,2253623411656939005,0,1,1,7,5,3,2,10
7662,3,7454425441837338798,0,2,2,9,4,3,1,9
7663,3,-8135024943468794971,0,1,1,7,4,2,1,5
7664,3,-7589623634533041155,0,1,1,10,2,4,2,9
7665,3,-7093804253682716520,0,1,1,11,5,4,2,10
7666,3,-4198185347547776089,0,1,1,10,1,3,1,8
7667,3,4300487034776685562,0,1,1,8,1,2,1,8
7668,3,6362170734897704991,0,0,0,10,3,5,2,13
7669,3,-3718638054711172970,0,1,1,10,1,3,1,8
7670,3,8135224220198626202,0,0,0,8,5,2,1,6
7671,3,3168148393687422042,0,1,1,9,3,3,1,11
7672,3,-3458405169502855015,0,0,0,10,3,5,2,14
7673,3,-4212450570997458171,0,1,1,9,3,2,1,7
7674,3,5013882308977728967,0,1,1,14,3,6,2,14
7675,3,6538641467919120414,0,0,0,10,2,5,2,16
7676,3,2060789068663722756,0,2,2,9,1,4,2,14
7677,3,385698969112734759,0,1,1,13,1,4,1,8
7678,3,-3179843704242435135,0,1,1,9,7,3,2,9
7679,3,8246236678016696594,0,0,0,10,2,5,2,18
7680,3,-6375172702597657970,0,1,1,11,2,5,2,12
7681,3,6478516578716772852,0,0,0,10,3,4,2,12
7682,3,3730574664648151536,0,0,0,10,4,4,2,10
7683,3,88640896421718520,0,1,1,11,3,4,1,13
7684,3,782059517703906935,0,0,0,10,4,4,1,9
7685,3,-1410471962119784811,0,0,0,6,6,3,2,10
7686,3,-3489601452106539504,0,1,1,10,4,4,2,12
7687,3,4714468351385340163,0,1,1,7,6,2,2,4
7688,3,107782086393041047,0,2,2,9,3,4,2,10
7689,3,6346997979602735850,0,0,0,10,2,4,2,10
7690,3,-8470101267615744592,0,2,2,12,3,5,1,14
7691,3,5217293901096421980,0,0,0,9,4,5,2,16
7692,3,-8340640109333808169,0,1,1,9,5,3,1,8
7693,3,5874410429874127109,0,1,1,10,2,4,2,12
7694,3,6052953337154208948,0,0,0,11,2,5,1,14
7695,3,-4432505640261780831,0,1,1,9,5,4,2,12
7696,3,-8908529369526209869,0,1,1,7,4,2,1,7
7697,3,-4996131535732902227,0,1,1,8,4,2,1,6
7698,3,-1478782743259790380,0,1,1,10,2,3,1,8
7699,3,-109542960820395679,0,1,1,10,5,2,1,6
7700,3,7688188551567127999,0,1,1,11,3,3,1,5
7701,3,2203561844544118748,0,0,0,9,2,4,1,12
7702,3,5764817597299003163,0,1,1,9,2,3,1,9
7703,3,-1166143326201730143,0,2,2,13,1,4,1,9
7704,3,6961390494744390175,0,0,0,9,1,4,2,13
7705,3,8760012423455322434,0,0,0,9,5,4,2,8
7706,3,2091442075385992296,0,2,2,8,4,2,1,7
7707,3,-396844245337774502,0,0,0,13,1,4,1,10
7708,3,-2428248994981095411,0,0,0,9,3,4,1,11
7709,3,-2183112980750480705,0,1,1,7,7,1,1,4
7710,3,-2543228179778878992,0,2,2,9,3,4,2,10
7711,3,-3440911409735251720,0,2,2,10,6,4,2,9
7712,3,-1720368844675434154,0,0,0,10,2,4,1,11
7713,3,2048955755596999148,0,2,2,10,1,4,1,11
7714,3,3178859447686986938,0,0,0,9,3,3,1,7
7715,3,7110845109464141788,0,1,1,12,2,5,2,12
7716,3,4253799829784516573,0,0,0,9,4,4,1,13
7717,3,7932730076384521363,0,1,1,9,5,3,2,8
7718,3,7447713139303098145,0,1,1,10,3,3,1,8
7719,3,-989966228675942693,0,0,0,11,1,5,2,14
7720,3,2764535016763931671,0,0,0,10,4,4,1,11
7721,3,-555096294221618381,0,1,1,10,2,3,1,9
7722,3,8503913822145673046,0,0,0,12,2,6,2,14
7723,3,-8186503583861496898,0,1,1,11,4,3,1,7
7724,3,-8107393629548041330,0,1,1,9,5,3,2,9
7725,3,-3696144226471857283,0,0,0,11,4,5,2,10
7726,3,4218887033305570780,0,1,1,11,3,3,1,7
7727,3,-1223712514447830848,0,1,1,12,4,5,2,12
7728,3,-1582364936143620257,0,2,2,9,3,3,1,7
7729,3,8180476442146966233,0,1,1,11,5,3,1,6
7730,3,1839356066901801994,0,1,1,7,7,1,1,2
7731,3,7815649470776018707,0,1,1,11,1,3,1,9
7732,3,-4192797951838774597,0,0,0,10,1,5,2,15
7733,3,-739184668935184158,0,2,2,8,1,3,2,10
7734,3,563707226411248268,0,0,0,11,1,5,2,13
7735,3,-115280841306105509,0,0,0,10,5,4,2,8
7736,3,-1045614339962214039,0,2,2,13,4,4,1,6
7737,3,-2663140596835071514,0,0,0,9,5,4,2,8
7738,3,-7986152029234622493,0,1,1,12,3,5,1,12
7739,3,-7551810073341915599,0,1,1,9,3,4,2,14
7740,3,1713371913061273154,0,1,1,9,4,4,2,14
7741,3,851493938503375207,0,1,1,10,1,4,2,10
7742,3,5957985106045191904,0,0,0,11,3,5,1,16
7743,3,-1939927933706671455,0,0,0,8,1,4,2,12
7744,3,3076196847552993716,0,2,2,9,3,4,2,12
7745,3,-3763645507469781860,0,1,1,7,5,3,2,10
7746,3,8593872253596013869,0,1,1,10,6,4,2,8
7747,3,9134406194884594860,0,0,0,10,1,4,1,10
7748,3,-1803762576841514943,0,0,0,10,1,4,1,12
7749,3,1294294576111875313,0,1,1,9,3,2,1,5
7750,3,-2450834100442713660,0,0,0,9,5,3,1,6
7751,3,-4209493156659096121,0,0,0,11,2,4,1,9
7752,3,4028779217792264445,0,1,1,10,5,3,1,9
7753,3,244122692354603650,0,0,0,10,1,5,2,12
7754,3,-5412540661466129547,0,1,1,7,9,1,1,4
7755,3,5994111547964253531,0,1,1,7,2,2,1,9
7756,3,5341908650546703378,0,0,0,8,9,3,2,8
7757,3,6151079868889779876,0,1,1,7,9,2,2,6
7758,3,8987878562630811493,0,0,0,12,4,5,1,13
7759,3,-7105311092662738109,0,0,0,10,1,5,2,11
7760,3,-6197668902167961281,0,2,2,11,3,5,2,14
7761,3,3986893259533317725,0,0,0,13,3,6,1,16
7762,3,-7153213840954036342,0,1,1,12,3,4,2,7
7763,3,-7581033718337021360,0,0,0,9,1,5,2,18
7764,3,-2257163246139007403,0,0,0,9,2,5,2,16
7765,3,279073147841271015,0,0,0,8,2,3,1,11
7766,3,-1785065279808132816,0,1,1,12,2,4,1,11
7767,3,8579170395882267336,0,0,0,10,3,5,2,12
7768,3,-6825493696772143687,0,1,1,11,1,2,1,5
7769,3,6992754670214528561,0,0,0,10,2,4,1,12
7770,3,-5559279984805958793,0,0,0,10,1,4,1,13
7771,3,-9062681175536771869,0,1,1,8,4,3,2,10
7772,3,-4808679140184210202,0,1,1,10,2,4,2,14
7773,3,-6320650172189681315,0,1,1,12,2,4,2,10
7774,3,8478825174511705554,0,0,0,9,7,2,1,7
7775,3,-7327681631535989939,0,0,0,8,7,2,1,6
7776,3,-4165165880247868696,0,2,2,10,2,5,2,16
7777,3,7388525280423039811,0,0,0,11,2,5,2,13
7778,3,2471687312047015561,0,2,2,10,3,4,1,14
7779,3,-6704458034026340953,0,0,0,7,5,3,2,10
7780,3,8691499221908086497,0,0,0,11,1,6,2,18
7781,3,-8836436611620773651,0,1,1,13,1,5,2,8
7782,3,-2227683780419137224,0,1,1,9,4,3,2,7
7783,3,4841561126966049542,0,0,0,7,8,3,2,12
7784,3,-3857889758215659897,0,1,1,9,1,3,1,6
7785,3,3902887604494406169,0,0,0,8,5,3,1,8
7786,3,2425961533953418574,0,0,0,8,3,4,2,14
7787,3,6720573951482141811,0,1,1,11,1,4,2,11
7788,3,-4799557639163597660,0,2,2,13,1,6,1,19
7789,3,626653274292384699,0,2,2,12,1,4,1,8
7790,3,7760518913715752079,0,1,1,11,3,5,2,10
7791,3,-6252001651057318039,0,2,2,9,2,4,2,10
7792,3,-2023197635246389355,0,2,2,9,3,4,2,12
7793,3,-5858332049302060424,0,1,1,9,4,3,2,6
7794,3,-4073247342255642221,0,1,1,10,4,2,1,4
7795,3,4238898966264051801,0,1,1,10,4,4,2,10
7796,3,-2432604011308040244,0,1,1,11,4,3,1,6
7797,3,-3589216793796711125,0,1,1,8,6,2,1,8
7798,3,1272173285745835588,0,0,0,11,3,5,1,16
7799,3,6890376670442179881,0,1,1,10,2,4,2,13
7800,3,-1004079448557672882,0,2,2,12,1,6,2,18
7801,3,-1393182503559026845,0,1,1,8,4,2,1,6
7802,3,1116749259929371236,0,2,2,15,3,6,2,9
7803,3,3367257359052619697,0,0,0,9,1,4,1,11
7804,3,5115864902810716982,0,0,0,9,5,3,1,9
7805,3,-1334882591077119005,0,0,0,10,6,4,2,6
7806,3,-6690339413650437627,0,0,0,14,1,7,2,13
7807,3,6295151805223948349,0,0,0,7,5,3,1,13
7808,3,4549720620919999536,0,1,1,12,2,5,2,12
7809,3,-3031615908066832606,0,1,1,11,1,3,1,3
7810,3,1295426754142927886,0,2,2,11,1,4,1,13
7811,3,4039971760083058702,0,2,2,11,1,5,2,13
7812,3,-2737881088047680769,0,0,0,7,7,3,2,10
7813,3,-8504129575375142455,0,1,1,10,2,4,2,11
7814,3,-1659701810043922243,0,0,0,12,1,6,2,16
7815,3,900802334415141849,0,1,1,10,3,3,1,5
7816,3,1004086389720327159,0,0,0,9,5,4,2,12
7817,3,-248156469458083017,0,0,0,10,1,6,2,20
7818,3,-5931181928740057056,0,0,0,11,1,6,2,18
7819,3,864807382640154182,0,2,2,11,3,4,2,9
7820,3,-8460654973444088701,0,0,0,6,5,3,2,10
7821,3,-2391437237171207168,0,0,0,9,1,5,2,16
7822,3,3772688662593005722,0,2,2,9,5,4,2,12
7823,3,-6388862463072611726,0,2,2,9,4,3,1,9
7824,3,7291563347176063392,0,0,0,8,2,4,2,12
7825,3,3599499195842181226,0,0,0,10,2,5,2,16
7826,3,2733223715703649637,0,0,0,9,4,5,2,16
7827,3,-5736934474481844627,0,1,1,7,5,1,1,4
7828,3,-4204667287434838432,0,0,0,10,1,6,2,20
7829,3,4566801856005561070,0,0,0,9,2,4,2,10
7830,3,-333860296728093430,0,0,0,10,4,4,2,10
7831,3,1920534659662110141,0,0,0,11,1,5,2,15
7832,3,-3915690977624378775,0,1,1,9,4,3,2,7
7833,3,7151458594220760765,0,2,2,8,8,2,1,9
7834,3,8459744687021780970,0,2,2,9,2,4,2,11
7835,3,3448271560896504794,0,1,1,9,1,2,1,4
7836,3,8750937840011260020,0,0,0,6,6,2,1,6
7837,3,-4194083734749646279,0,1,1,9,5,2,1,4
7838,3,7099137201492266681,0,0,0,9,2,5,2,16
7839,3,-8649386743774904656,0,1,1,9,1,4,2,13
7840,3,-2897254607836132146,0,1,1,7,3,3,2,14
7841,3,-7497779812837035657,0,1,1,10,1,4,2,10
7842,3,6265880703467544829,0,1,1,7,9,2,2,4
7843,3,-3424215455048224480,0,0,0,7,9,2,1,5
7844,3,-3642671864521163814,0,1,1,9,2,3,1,10
7845,3,-6336680369231238972,0,2,2,10,1,5,2,16
7846,3,-3105692208880231533,0,2,2,11,1,6,2,20
7847,3,8271398157430226302,0,0,0,10,2,4,1,13
7848,3,-1290890153391882100,0,0,0,8,9,3,2,10
7849,3,3161518991689213725,0,0,0,7,2,3,1,13
7850,3,4990496472713664299,0,1,1,10,1,4,2,8
7851,3,8495478785170497556,0,2,2,9,4,4,2,17
7852,3,-2637372178469278993,0,1,1,11,5,5,2,13
7853,3,7852422674568978613,0,2,2,13,4,5,2,10
7854,3,837362479624222407,0,0,0,10,3,4,2,9
7855,3,-8365030677041178210,0,1,1,9,1,4,2,14
7856,3,6416550299312744097,0,0,0,11,1,5,1,13
7857,3,-7108836590512119437,0,1,1,9,5,3,1,9
7858,3,-985670118513304000,0,0,0,8,4,4,2,14
7859,3,1728314933350484429,0,0,0,11,2,5,2,9
7860,3,-398568828004525742,0,1,1,9,1,4,2,10
7861,3,8779526728761954161,0,0,0,6,5,3,2,12
7862,3,2716180441563379905,0,2,2,9,6,4,2,12
7863,3,2139879799457110468,0,0,0,12,1,4,1,9
7864,3,-5633202564031983287,0,1,1,10,2,4,2,12
7865,3,-8601746650600211074,0,0,0,8,5,3,1,9
7866,3,-579866075519152310,0,1,1,10,3,4,2,10
7867,3,8576740129450407582,0,0,0,12,2,4,1,10
7868,3,7895591664115139550,0,1,1,8,3,3,2,10
7869,3,-5625414247993881187,0,1,1,8,5,2,2,8
7870,3,-5672126956242702546,0,1,1,9,3,4,2,13
7871,3,7089574814692989926,0,0,0,10,2,5,2,14
7872,3,6949967263786703873,0,1,1,9,5,4,2,12
7873,3,-6221276894120860796,0,1,1,9,5,3,2,7
7874,3,-4462698500304281451,0,1,1,8,4,3,2,12
7875,3,8532642374905081372,0,1,1,11,5,3,2,7
7876,3,-8803383352826521422,0,1,1,11,4,3,2,6
7877,3,2357481215087699742,0,1,1,12,1,5,2,10
7878,3,-4082456057937449733,0,0,0,13,2,5,1,8
7879,3,5579953337871574327,0,1,1,10,1,3,1,11
7880,3,8268946391654988678,0,2,2,8,4,4,2,17
7881,3,-212237461827987703,0,2,2,8,5,4,2,17
7882,3,-871330720462883409,0,0,0,8,1,4,2,16
7883,3,-4117549789238376674,0,0,0,10,7,3,1,6
7884,3,-8492506260467628247,0,0,0,10,3,5,2,12
7885,3,-1739883663781418215,0,1,1,9,3,2,1,3
7886,3,-7301900434310849963,0,0,0,10,4,4,2,7
7887,3,-8009185411900673490,0,0,0,9,1,4,2,10
7888,3,4099702308946955734,0,0,0,8,5,3,1,11
7889,3,6436057604035020499,0,0,0,7,7,3,2,12
7890,3,-3952510478905397403,0,2,2,10,2,4,2,13
7891,3,-3955619807901681737,0,2,2,11,3,4,2,12
7892,3,-796069580402913311,0,0,0,6,7,2,1,6
7893,3,-1588564009696478221,0,0,0,11,3,6,2,18
7894,3,1966567579776173225,0,0,0,13,6,4,1,10
7895,3,-1762619338303109505,0,2,2,11,1,4,1,9
7896,3,6379854915692882478,0,1,1,11,4,4,2,12
7897,3,1830150322491645158,0,1,1,13,3,4,1,12
7898,3,3739126224241179587,0,1,1,10,6,3,1,8
7899,3,-3301294712779315907,0,1,1,8,6,3,2,8
7900,3,-2803330440267754313,0,0,0,8,2,4,2,10
7901,3,-1505830606595514543,0,2,2,11,2,6,2,20
7902,3,-8118023384427139420,0,0,0,12,1,5,2,8
7903,3,-1318829112183915233,0,1,1,5,8,2,2,10
7904,3,5165342244235997449,0,0,0,9,2,5,2,18
7905,3,-5659839934343704952,0,1,1,9,2,2,1,5
7906,3,-5148139733392333290,0,2,2,11,1,3,1,9
7907,3,4191276410933752901,0,0,0,8,2,3,1,7
7908,3,9139163348000647367,0,1,1,9,3,2,1,7
7909,3,2316797609343127063,0,0,0,9,2,5,2,18
7910,3,4770835491219726388,0,0,0,8,1,4,2,12
7911,3,1166767421196605507,0,1,1,9,3,3,1,8
7912,3,6926234490324229158,0,0,0,12,3,4,1,7
7913,3,5109329807223794749,0,0,0,7,9,2,1,7
7914,3,5235196401041778413,0,1,1,11,2,4,2,12
7915,3,-2419642469813364573,0,0,0,10,4,4,1,12
7916,3,-8503426002326282128,0,0,0,7,9,3,2,10
7917,3,7334076120019747948,0,1,1,10,2,4,2,11
7918,3,-6112291663100692860,0,2,2,11,3,5,2,15
7919,3,6626655252493046113,0,2,2,8,3,2,1,5
7920,3,-249747950353281407,0,2,2,9,3,3,1,9
7921,3,-6574964937987296821,0,1,1,10,3,3,1,8
7922,3,-7100756074443000814,0,2,2,11,4,3,1,6
7923,3,30378568915805549,0,0,0,8,5,3,1,9
7924,3,4199566130043330893,0,1,1,11,3,5,2,16
7925,3,-7471430482246741580,0,0,0,10,2,4,1,12
7926,3,-6025287111777700861,0,0,0,11,5,3,1,6
7927,3,3923351589343553836,0,1,1,9,1,4,2,13
7928,3,5782134227045557336,0,1,1,14,2,6,2,14
7929,3,2677228390370383414,0,1,1,9,1,3,1,10
7930,3,-3202135130742108011,0,1,1,9,5,2,2,2
7931,3,-6194193653218059016,0,1,1,10,1,4,2,7
7932,3,-7586602794381413828,0,0,0,6,9,3,2,10
7933,3,-4229170536737478508,0,2,2,10,3,3,1,8
7934,3,-3803142116040994724,0,1,1,14,2,6,2,12
7935,3,5189028990481053595,0,1,1,9,1,4,2,10
7936,3,-1542934178341731545,0,1,1,12,3,4,2,5
7937,3,7585239405291412419,0,0,0,13,1,5,1,12
7938,3,5211836897043094721,0,1,1,11,2,4,2,6
7939,3,25830173291872472,0,1,1,12,2,4,2,9
7940,3,-7695975597569422502,0,1,1,7,7,1,1,4
7941,3,3452651731363540720,0,0,0,11,4,5,2,14
7942,3,-9000277925545850754,0,0,0,11,1,4,1,8
7943,3,2407314108657466338,0,1,1,10,2,4,2,8
7944,3,1653632944029706667,0,1,1,11,2,5,2,16
7945,3,-550051868191154184,0,1,1,9,2,3,2,8
7946,3,-415623600217496029,0,1,1,9,1,3,1,9
7947,3,3316202197118722531,0,2,2,9,5,2,1,4
7948,3,-8125358069546441212,0,1,1,9,2,3,1,6
7949,3,6988832485924408815,0,0,0,11,4,5,1,15
7950,3,1411620765255102101,0,2,2,11,1,4,1,13
7951,3,7294791031885687927,0,2,2,11,1,5,2,18
7952,3,-8472809270035464223,0,1,1,9,5,3,2,5
7953,3,2249808407533005722,0,1,1,9,2,3,1,8
7954,3,-1362989319373064310,0,1,1,11,1,3,1,8
7955,3,-3597931084374347730,0,0,0,14,1,5,1,11
7956,3,-7723421958789919530,0,0,0,10,1,6,2,20
7957,3,-4901280203131190796,0,2,2,14,3,6,2,14
7958,3,7711067988794014221,0,0,0,10,2,3,1,11
7959,3,9110030956772902669,0,2,2,9,5,3,1,11
7960,3,1159462469200733959,0,1,1,10,2,4,2,10
7961,3,-6287954951837449555,0,0,0,8,5,4,2,10
7962,3,5992450359368673536,0,1,1,13,2,5,2,11
7963,3,22202642499554061,0,2,2,12,2,5,2,15
7964,3,7953427797973298094,0,0,0,10,8,3,1,9
7965,3,5878679750397094566,0,1,1,7,6,2,2,8
7966,3,1033421949395834773,0,0,0,11,6,6,2,16
7967,3,3224305062843359387,0,0,0,9,8,4,2,14
7968,3,2668392734628104601,0,2,2,10,2,3,1,8
7969,3,5249939692056605814,0,2,2,10,2,4,2,12
7970,3,8950472339309752277,0,0,0,9,4,4,2,10
7971,3,-8056296035864014569,0,1,1,11,3,4,2,12
7972,3,6843400736299409322,0,0,0,8,6,4,1,15
7973,3,-1646599097124824344,0,1,1,11,4,4,2,11
7974,3,2273917625861404953,0,1,1,10,1,4,2,12
7975,3,8092150664054584661,0,1,1,9,4,4,2,10
7976,3,-5415809801321370795,0,1,1,11,2,3,1,9
7977,3,-3260724383896196229,0,1,1,8,5,2,1,6
7978,3,-3792931354327142765,0,2,2,10,4,3,2,7
7979,3,-2937418383170834401,0,0,0,9,4,4,2,8
7980,3,-609266723854874843,0,0,0,10,1,4,1,15
7981,3,8781921962838157537,0,1,1,8,8,3,2,8
7982,3,-2063559062237207098,0,2,2,12,1,5,1,13
7983,3,-7128353348392240976,0,2,2,9,2,4,2,16
7984,3,7486163088603199799,0,0,0,10,2,5,1,15
7985,3,-7837586777640174208,0,1,1,11,5,3,1,9
7986,3,3812290809078449418,0,1,1,11,3,4,2,7
7987,3,4891491692932740410,0,0,0,8,6,4,2,10
7988,3,-8333388086392729155,0,2,2,12,1,4,1,8
7989,3,-8305202979334849036,0,2,2,10,2,3,1,6
7990,3,7443501958792694281,0,1,1,7,9,1,1,2
7991,3,-6955922316389571231,0,1,1,11,6,4,2,7
7992,3,3761053318143859068,0,1,1,9,5,3,2,4
7993,3,7529462244738251659,0,0,0,11,1,5,2,12
7994,3,359720732142362693,0,0,0,9,2,4,2,10
7995,3,-5909841266358149953,0,1,1,8,3,2,1,6
7996,3,2127084993062326350,0,1,1,11,4,3,2,8
7997,3,4629095831851148999,0,0,0,8,1,3,1,13
7998,3,2972460608248579984,0,1,1,13,5,3,1,8
7999,3,-4981922208607072930,0,1,1,9,2,3,2,11
8000,3,2443398740208384929,0,1,1,10,1,3,1,6
8001,3,8073977395179749856,0,1,1,9,5,4,2,14
8002,3,-1138748993132557679,0,2,2,9,3,3,1,13
8003,3,-2182450278142074303,0,2,2,8,3,4,2,17
8004,3,-4341010318633171721,0,0,0,9,2,4,2,12
8005,3,-1812926935507836097,0,1,1,9,3,3,1,9
8006,3,-2209445297046502074,0,1,1,9,3,2,1,9
8007,3,5418513400120895963,0,1,1,7,4,3,2,14
8008,3,8393631807944747108,0,1,1,9,5,3,2,8
8009,3,7205081852647540740,0,0,0,8,1,4,2,14
8010,3,-5837451155909411971,0,0,0,11,3,5,1,12
8011,3,722605508616671381,0,0,0,10,5,4,1,11
8012,3,-995023794972642541,0,1,1,10,3,4,2,14
8013,3,8735784554698765954,0,1,1,13,1,3,1,4
8014,3,-3516332256183025831,0,0,0,7,9,3,2,8
8015,3,5949032906174917453,0,2,2,13,1,5,2,12
8016,3,-6235904137644011071,0,1,1,9,2,2,1,5
8017,3,34495034715697342,0,0,0,9,4,4,2,12
8018,3,-6550949872830994477,0,0,0,9,7,4,2,14
8019,3,-2042401670721924654,0,1,1,8,3,2,1,6
8020,3,2187610897465192256,0,2,2,9,2,4,2,10
8021,3,6150112372832483059,0,0,0,10,3,4,2,7
8022,3,3147549825193449271,0,1,1,13,1,4,1,12
8023,3,-2609013989328074391,0,1,1,11,2,4,2,10
8024,3,-152594637681892618,0,0,0,12,2,6,2,14
8025,3,757693791151069712,0,0,0,8,4,3,1,8
8026,3,6175646817808044451,0,2,2,11,2,4,2,8
8027,3,-2192452104633286837,0,1,1,10,3,3,1,7
8028,3,-6966011467270803621,0,0,0,11,3,5,2,10
8029,3,225663981067329080,0,1,1,9,4,2,1,3
8030,3,-6926014173375487093,0,2,2,10,1,3,1,6
8031,3,8871708593858089764,0,1,1,8,3,3,2,6
8032,3,7738148701339914367,0,0,0,6,9,3,2,10
8033,3,-3388480106729673407,0,1,1,9,5,3,1,12
8034,3,-6507874904851097544,0,1,1,9,3,3,2,9
8035,3,-6051512495798931050,0,0,0,13,1,6,2,14
8036,3,-3101375479231669631,0,1,1,10,3,4,2,12
8037,3,-571227241680709322,0,1,1,9,5,3,2,4
8038,3,-2116235876939251644,0,2,2,11,3,4,2,9
8039,3,8487087263106825908,0,0,0,8,1,5,2,20
8040,3,5613869512440080409,0,2,2,11,1,3,1,6
8041,3,4677114603157597909,0,0,0,9,3,5,2,16
8042,3,3209026951336888351,0,0,0,10,2,4,1,9
8043,3,-6700710176689418105,0,1,1,9,2,4,2,12
8044,3,-1705916376699184881,0,1,1,7,5,3,2,10
8045,3,-7888420677240023022,0,0,0,12,5,4,1,10
8046,3,-2498616764988727667,0,1,1,8,4,3,2,8
8047,3,6463141092878465421,0,0,0,6,9,3,2,12
8048,3,2523417444310884545,0,1,1,11,2,3,1,6
8049,3,-1866366916882706798,0,1,1,8,1,2,1,8
8050,3,1537274716482562854,0,2,2,11,5,4,2,6
8051,3,5576007370649117493,0,0,0,10,4,4,2,9
8052,3,-5314630858854325087,0,1,1,11,4,4,2,10
8053,3,-4195349298370978255,0,0,0,8,5,4,2,12
8054,3,-492349632219736875,0,1,1,10,1,4,2,12
8055,3,1017001428765587556,0,0,0,7,7,3,1,11
8056,3,1436862653826443957,0,0,0,12,2,5,1,13
8057,3,8135455794743031677,0,1,1,11,5,4,1,14
8058,3,5804484594810919002,0,1,1,14,4,4,1,8
8059,3,-2496911003416764429,0,0,0,8,4,4,2,14
8060,3,-5406074903523174378,0,2,2,13,1,4,2,6
8061,3,3450351627535618616,0,1,1,8,6,3,2,8
8062,3,8488481472039513800,0,0,0,8,1,4,2,10
8063,3,-6461576887366121682,0,2,2,9,1,4,2,16
8064,3,4263086311604420465,0,2,2,10,5,4,1,11
8065,3,-7325718899792142375,0,0,0,10,2,5,2,10
8066,3,1711192713933030407,0,1,1,9,2,3,2,7
8067,3,3714960533309488214,0,1,1,11,1,4,1,14
8068,3,-1870281458877120631,0,0,0,9,1,4,2,10
8069,3,-7906738774064624116,0,0,0,10,3,4,1,14
8070,3,-1561732330399417005,0,1,1,12,1,5,2,11
8071,3,9176741102678382880,0,2,2,11,3,4,2,12
8072,3,-2974362907336838733,0,0,0,9,3,5,2,18
8073,3,9183116984054733102,0,0,0,8,2,4,1,15
8074,3,298874758923997115,0,0,0,7,8,3,1,14
8075,3,697333296416537909,0,1,1,9,5,4,2,12
8076,3,2681555240321214552,0,1,1,10,4,3,1,8
8077,3,-1865081791494918447,0,0,0,8,1,4,2,14
8078,3,5887859204103988899,0,2,2,11,4,4,2,10
8079,3,8189640518285531312,0,2,2,9,4,3,1,9
8080,3,-2873662007819502218,0,1,1,11,2,3,1,9
8081,3,-3680976946358738882,0,2,2,10,4,3,1,10
8082,3,4117515760477739586,0,0,0,9,4,3,1,7
8083,3,3279517743901787811,0,0,0,12,3,5,2,10
8084,3,7320491852026671392,0,0,0,8,4,3,1,8
8085,3,-8829297807026068242,0,0,0,10,1,5,2,16
8086,3,4870302175795820069,0,1,1,5,9,2,2,10
8087,3,2296907489339914130,0,0,0,11,1,4,1,9
8088,3,-9016603068633212934,0,1,1,10,3,2,1,3
8089,3,6052897963462651152,0,2,2,14,1,6,2,14
8090,3,7180310236845199274,0,1,1,12,4,4,1,9
8091,3,-749522043768968203,0,0,0,13,2,7,2,18
8092,3,-5917106576451216963,0,1,1,7,6,3,2,10
8093,3,2461363840237077511,0,2,2,6,5,3,2,15
8094,3,4212400340375153798,0,1,1,9,5,2,2,4
8095,3,-6082260085040906565,0,2,2,11,1,4,1,12
8096,3,770830186561601465,0,1,1,9,3,4,2,10
8097,3,-2187649414720437527,0,0,0,11,3,4,1,11
8098,3,-8115937952190826176,0,1,1,9,1,4,2,14
8099,3,6365835553247494082,0,2,2,9,4,4,2,15
8100,3,-1961420089348205746,0,1,1,8,3,3,2,12
8101,3,-8974033391822728447,0,2,2,10,2,4,1,15
8102,3,595121182795354035,0,2,2,10,4,4,2,9
8103,3,6417925264744521312,0,0,0,11,2,4,1,10
8104,3,7088859613117287538,0,1,1,9,6,3,1,7
8105,3,8135833969447927885,0,1,1,10,4,3,1,10
8106,3,1366003939621244304,0,1,1,8,5,3,2,10
8107,3,5669139300847625181,0,0,0,9,2,4,1,11
8108,3,-4720434366140739538,0,1,1,10,5,4,2,11
8109,3,4865845211980553216,0,1,1,7,4,3,2,10
8110,3,-2713382403284043046,0,0,0,7,8,3,2,8
8111,3,-1510466860274237962,0,1,1,12,1,4,1,9
8112,3,-6037791117094944991,0,1,1,7,6,3,2,10
8113,3,1274893285669482241,0,1,1,7,1,3,2,10
8114,3,1444561167697395816,0,1,1,9,4,2,1,3
8115,3,7724492824618867036,0,1,1,10,6,3,2,6
8116,3,6659368380009092091,0,1,1,8,1,3,2,11
8117,3,402507031802772587,0,0,0,10,2,4,2,6
8118,3,7915417593853226598,0,0,0,8,3,3,1,8
8119,3,-4646965837689336781,0,2,2,10,2,5,2,17
8120,3,-206715707264183805,0,1,1,9,5,3,2,4
8121,3,2065149805608784907,0,1,1,13,1,5,2,10
8122,3,7219776762900632276,0,0,0,10,2,5,2,13
8123,3,-3539515209616617325,0,0,0,10,2,5,2,14
8124,3,8067811620500865938,0,2,2,9,2,3,1,10
8125,3,-2457081948282637083,0,0,0,7,6,4,2,16
8126,3,6156508269325475845,0,1,1,9,4,3,2,5
8127,3,-679808152832127221,0,1,1,9,1,3,1,10
8128,3,7168679645389359254,0,0,0,9,4,3,1,8
8129,3,-8253059109001871440,0,2,2,14,1,5,1,10
8130,3,-5209889960775490782,0,0,0,9,2,5,2,18
8131,3,-2000858211893216999,0,1,1,8,4,3,2,9
8132,3,-1045563666499832560,0,0,0,11,5,4,1,5
8133,3,-1981296087463544491,0,2,2,10,3,4,1,11
8134,3,8175655604076563109,0,0,0,13,2,5,1,8
8135,3,3184267017711825843,0,1,1,10,5,4,2,10
8136,3,7091220551395704726,0,2,2,10,1,4,1,14
8137,3,-7187830601172492940,0,1,1,7,2,3,2,12
8138,3,8597721627100134622,0,1,1,10,1,4,2,14
8139,3,-8500267769171455551,0,1,1,11,1,5,2,17
8140,3,-4870485383185088558,0,2,2,11,3,5,2,16
8141,3,3147942232237048030,0,2,2,10,2,5,2,17
8142,3,-326358658162835854,0,1,1,12,2,5,2,14
8143,3,-8206097244869091680,0,0,0,14,1,6,2,12
8144,3,5972383406016216320,0,1,1,10,1,2,1,4
8145,3,-1197649002169433060,0,2,2,10,5,3,1,7
8146,3,-5917671266432669482,0,1,1,10,5,3,1,8
8147,3,-7598510152496449376,0,2,2,10,2,5,2,15
8148,3,-6815495725546025868,0,2,2,9,2,3,1,9
8149,3,-7835437562108176921,0,2,2,10,3,3,2,5
8150,3,-4167149203886739240,0,1,1,11,1,5,2,12
8151,3,6246184451697458055,0,2,2,12,4,3,1,10
8152,3,6586027222752837650,0,1,1,8,6,3,2,10
8153,3,-109655705545947730,0,1,1,9,4,2,1,6
8154,3,-3259955193015386857,0,0,0,8,7,4,2,15
8155,3,-2575031031300359411,0,1,1,8,3,2,1,6
8156,3,-4621042011208293164,0,1,1,7,8,2,2,4
8157,3,3573216649947309587,0,2,2,10,3,4,2,9
8158,3,-7875246808528565114,0,0,0,9,1,5,2,16
8159,3,-742081810817315490,0,0,0,7,6,2,1,5
8160,3,-1203937497259880120,0,2,2,10,2,4,1,11
8161,3,9201797191028621166,0,2,2,9,4,3,2,4
8162,3,8236242275932515565,0,0,0,8,5,4,2,12
8163,3,1812263689896125851,0,0,0,10,5,4,2,11
8164,3,3985145663429870607,0,1,1,8,4,2,1,6
8165,3,5430569091641283144,0,1,1,10,1,3,1,9
8166,3,-7176384124608757400,0,0,0,10,4,4,2,6
8167,3,8095852028305096281,0,1,1,9,2,3,1,5
8168,3,482367545034265184,0,0,0,10,1,3,1,7
8169,3,-555971047280219679,0,2,2,8,7,2,1,5
8170,3,-788239858975172378,0,1,1,8,2,2,1,6
8171,3,8750103991895364640,0,2,2,8,4,2,1,7
8172,3,-9072944858174347646,0,2,2,10,5,5,2,15
8173,3,1382144679677968044,0,1,1,9,2,3,1,11
8174,3,-4911169509491206997,0,0,0,6,9,2,1,6
8175,3,-4533370186236989459,0,0,0,10,1,4,1,8
8176,3,-9213236549267780011,0,1,1,7,3,3,2,12
8177,3,-3936853181004355378,0,0,0,13,5,6,2,14
8178,3,503933490590047950,0,0,0,11,1,5,1,14
8179,3,-7574983999644794448,0,2,2,10,1,3,1,9
8180,3,736074965608110538,0,2,2,12,1,6,2,18
8181,3,-6207919845149089118,0,2,2,9,3,3,1,9
8182,3,-4442643990493122372,0,1,1,11,2,3,1,4
8183,3,4651038480434924239,0,1,1,7,8,3,2,10
8184,3,6687659231056300390,0,0,0,10,4,5,2,18
8185,3,5912815768507964215,0,0,0,10,1,6,2,20
8186,3,6881887580534335923,0,1,1,9,4,2,1,5
8187,3,2132348509120567457,0,0,0,8,6,4,2,12
8188,3,-3944973247905837884,0,2,2,8,3,4,2,15
8189,3,1763873394325788880,0,1,1,11,6,3,2,8
8190,3,-1234250895744010936,0,1,1,7,4,2,1,6
8191,3,6953454741218889460,0,0,0,9,1,3,1,8
8192,3,-4005866729184014064,0,1,1,9,2,3,1,12
8193,3,-14635972732671133,0,0,0,8,6,4,2,14
8194,3,-1483940737804631582,0,0,0,9,2,3,1,7
8195,3,9176843398209077896,0,0,0,10,1,3,1,7
8196,3,317848489073942412,0,0,0,10,6,3,2,6
8197,3,4420519162715205403,0,1,1,11,2,4,1,14
8198,3,-7113805686153214148,0,0,0,11,1,5,1,15
8199,3,4740703726649828242,0,2,2,9,4,3,2,6
8200,3,2139339707017972750,0,0,0,6,6,3,2,12
8201,3,7346896575346269911,0,0,0,11,4,5,2,14
8202,3,-7368030973518045977,0,0,0,8,6,3,1,11
8203,3,6804573517812496442,0,1,1,11,2,5,2,15
8204,3,8486015706983019392,0,2,2,9,3,4,2,11
8205,3,-1981245035214981464,0,0,0,10,3,4,2,7
8206,3,-8000158988377448251,0,0,0,10,1,5,2,16
8207,3,-1274463675551766755,0,2,2,10,3,4,2,12
8208,3,6386217014769289823,0,2,2,11,2,5,2,12
8209,3,-5351850990422661545,0,1,1,14,3,4,1,4
8210,3,5516464787496414607,0,1,1,7,4,3,2,12
8211,3,-7425958273953918517,0,2,2,11,3,4,2,11
8212,3,8331445019673639741,0,1,1,10,1,4,2,11
8213,3,-8851054869367565348,0,0,0,13,1,6,2,14
8214,3,8934767232597156176,0,1,1,7,8,1,1,4
8215,3,4610684374730145610,0,1,1,10,2,4,2,11
8216,3,-6397984790426839744,0,0,0,8,6,4,2,15
8217,3,3404495635142602216,0,1,1,12,3,3,1,10
8218,3,-5876214796170988568,0,2,2,10,3,3,1,9
8219,3,2141499195839125137,0,0,0,9,3,4,2,10
8220,3,-1801291375549887840,0,0,0,8,5,3,1,8
8221,3,6691490241901399644,0,0,0,8,7,2,1,4
8222,3,-6671726946008490613,0,0,0,9,4,4,2,12
8223,3,-4773510490096932594,0,1,1,12,1,4,1,8
8224,3,713104782678671149,0,1,1,12,1,6,2,18
8225,3,7279287405383462096,0,1,1,9,1,4,2,15
8226,3,-1285570891900007105,0,1,1,11,1,4,2,11
8227,3,-887654438524334815,0,0,0,8,8,4,2,18
8228,3,2471538942640891590,0,1,1,8,8,1,1,3
8229,3,-2208361657758850803,0,2,2,11,1,4,1,12
8230,3,-4454178797053333663,0,1,1,9,2,3,1,11
8231,3,-605075091615381345,0,1,1,9,3,4,2,16
8232,3,3796936882784138211,0,2,2,10,5,4,2,11
8233,3,7680793618824738195,0,0,0,9,1,4,2,8
8234,3,-6851515394465364959,0,0,0,10,1,5,2,13
8235,3,2071225685302332239,0,1,1,7,7,2,1,6
8236,3,-1653431947455326708,0,1,1,9,5,4,2,10
8237,3,-4445369876300772844,0,0,0,9,3,4,2,10
8238,3,-8402854787791534591,0,0,0,8,4,4,2,13
8239,3,3068704965090670960,0,0,0,8,1,5,2,20
8240,3,2441800275643009119,0,1,1,13,1,5,2,9
8241,3,5150991841159038455,0,2,2,9,1,3,1,7
8242,3,5531169713496531034,0,0,0,8,1,5,2,20
8243,3,4411640686605387314,0,0,0,9,1,4,1,11
8244,3,4170326067479687182,0,1,1,8,6,2,1,4
8245,3,-881943136252388650,0,1,1,11,2,5,2,15
8246,3,7840096272380442070,0,1,1,12,6,4,2,10
8247,3,3882138495945350712,0,1,1,10,2,4,2,10
8248,3,533919987668355807,0,1,1,8,6,3,2,6
8249,3,5144970444392208128,0,0,0,9,3,4,1,12
8250,3,6608866119596816119,0,0,0,10,5,5,2,14
8251,3,3514083886186979868,0,2,2,10,2,3,2,3
8252,3,-6088601770488812118,0,1,1,9,3,4,2,14
8253,3,8813711707193198584,0,1,1,8,4,3,2,10
8254,3,8282865209956747407,0,0,0,10,2,5,2,14
8255,3,3013001098753274091,0,1,1,8,3,2,1,6
8256,3,-6928501883681238305,0,1,1,8,5,1,1,3
8257,3,50465427776122100,0,0,0,11,4,5,2,15
8258,3,8709561384620505670,0,1,1,11,2,4,1,10
8259,3,-735203734995238235,0,0,0,9,3,4,1,16
8260,3,7927601211111979261,0,2,2,9,2,4,2,14
8261,3,-999653847812720290,0,1,1,12,1,3,1,8
8262,3,8031082080293260568,0,1,1,10,1,3,1,9
8263,3,-432450852664159554,0,0,0,8,8,3,2,10
8264,3,-569992847849713380,0,0,0,8,4,3,1,8
8265,3,3035947651903596375,0,2,2,9,2,5,2,20
8266,3,-7470182252068550188,0,1,1,7,5,1,1,4
8267,3,-7460380865262085472,0,1,1,7,5,1,1,4
8268,3,4696241987085843812,0,0,0,9,1,5,2,16
8269,3,695311423953279535,0,1,1,10,2,3,1,10
8270,3,-4405733731191674978,0,2,2,7,5,2,1,6
8271,3,1972251926134119463,0,1,1,9,4,4,2,12
8272,3,3647291225076440980,0,1,1,10,4,4,2,7
8273,3,-7433566260558196498,0,2,2,9,3,3,1,11
8274,3,3105090389622555245,0,1,1,10,3,4,2,12
8275,3,442363281682136099,0,0,0,8,2,3,1,7
8276,3,-1088611489948354692,0,1,1,9,1,3,1,8
8277,3,7576148308851566799,0,0,0,10,2,5,2,13
8278,3,7694293048182186382,0,2,2,11,2,4,1,9
8279,3,1680527922395426009,0,0,0,12,3,6,2,16
8280,3,-1049889695765900926,0,2,2,9,2,4,2,14
8281,3,-27238520132948033,0,1,1,10,3,3,1,6
8282,3,4595397164296195615,0,0,0,10,2,4,1,13
8283,3,-981664401286387581,0,2,2,11,2,4,2,8
8284,3,2946099310257145121,0,1,1,11,3,5,2,14
8285,3,-4616058450764331294,0,1,1,7,3,3,2,10
8286,3,3853953839466756501,0,0,0,11,1,6,2,16
8287,3,6688410159936256971,0,1,1,7,1,2,1,7
8288,3,6314054760049869670,0,0,0,11,3,5,2,9
8289,3,5222690189809734927,0,1,1,11,5,4,2,11
8290,3,-7979512616090586058,0,1,1,9,1,3,2,5
8291,3,3923255418915954772,0,0,0,13,1,7,2,16
8292,3,-5734479867245644430,0,2,2,11,1,5,1,15
8293,3,-1116196661814752945,0,0,0,9,1,5,2,16
8294,3,4312112558889710496,0,1,1,9,2,2,1,5
8295,3,-2842921815256225999,0,1,1,9,3,4,2,12
8296,3,-3199323731556291846,0,1,1,8,3,3,2,8
8297,3,-6816596755447337630,0,1,1,8,6,3,2,10
8298,3,-4306628247794046656,0,1,1,12,2,4,1,11
8299,3,6077388729382810476,0,2,2,11,1,3,1,4
8300,3,6861232923559844042,0,0,0,9,1,5,2,16
8301,3,-7764648196368824263,0,1,1,9,8,3,2,8
8302,3,192954730410518748,0,0,0,9,4,3,1,9
8303,3,2093273993958524033,0,1,1,11,5,4,2,12
8304,3,2515504139261585213,0,1,1,10,5,3,1,6
8305,3,-7678901932871315331,0,2,2,8,4,3,2,8
8306,3,6094387193673309962,0,2,2,10,1,5,2,17
8307,3,455248643041546464,0,2,2,9,4,3,1,9
8308,3,6667071061902741703,0,0,0,9,5,3,1,8
8309,3,5767267032243252999,0,1,1,11,2,4,2,8
8310,3,-1981260653147662410,0,1,1,9,4,3,2,8
8311,3,2588214980016222318,0,1,1,9,3,4,2,12
8312,3,4666027665919938668,0,2,2,7,1,3,1,15
8313,3,-3817989206449237658,0,1,1,8,5,3,2,9
8314,3,-886391092334291808,0,1,1,10,1,4,2,10
8315,3,284758871959983876,0,2,2,9,1,4,2,14
8316,3,8738295628322316358,0,0,0,10,2,6,2,20
8317,3,-5575510482525369252,0,2,2,17,1,7,1,13
8318,3,-6581916665622334500,0,2,2,10,1,4,2,12
8319,3,-1083398336554033425,0,1,1,11,3,3,1,6
8320,3,3467150042433423362,0,0,0,10,2,5,2,13
8321,3,4652302651427098209,0,0,0,11,1,4,1,12
8322,3,6393434940826609232,0,0,0,10,1,5,2,12
8323,3,7328439607829848942,0,1,1,12,2,3,2,6
8324,3,-5302745849076794525,0,1,1,8,7,2,1,6
8325,3,-7660763920122174945,0,0,0,9,4,4,1,13
8326,3,5534887666729907769,0,2,2,10,3,3,2,6
8327,3,-6886806531770897608,0,0,0,10,1,5,1,19
8328,3,-3276225017402062658,0,1,1,11,2,3,1,7
8329,3,2330806915179184372,0,1,1,9,2,4,2,14
8330,3,-4352585974851330650,0,0,0,11,5,5,2,10
8331,3,5764581358556357363,0,0,0,8,2,4,2,12
8332,3,5217068328659375997,0,1,1,9,4,2,1,3
8333,3,4230793798056129907,0,1,1,7,9,2,2,4
8334,3,-5339948959114007301,0,1,1,12,4,4,1,11
8335,3,-6255750640365541442,0,1,1,7,8,2,2,4
8336,3,4360242649708443293,0,0,0,11,2,4,1,11
8337,3,-8891773019029090845,0,1,1,9,4,2,1,5
8338,3,-5474140065449672336,0,1,1,9,3,4,2,10
8339,3,-3542173916039143000,0,0,0,10,4,3,1,9
8340,3,-6283411764872889553,0,1,1,9,2,3,2,6
8341,3,-7158801656778285378,0,0,0,7,4,4,2,16
8342,3,6728637091953888144,0,1,1,10,4,3,1,10
8343,3,6628863632925093430,0,2,2,10,1,3,1,6
8344,3,4076856431933861594,0,0,0,12,1,5,1,11
8345,3,-4256123064804190925,0,0,0,8,1,4,2,15
8346,3,-7679977863454579269,0,1,1,9,4,3,2,7
8347,3,786540800650484449,0,0,0,11,3,4,1,10
8348,3,-8717771735744147881,0,0,0,11,4,5,2,14
8349,3,-5815804368737805915,0,1,1,10,9,1,1,1
8350,3,7493131585116682916,0,0,0,11,2,5,2,14
8351,3,-1676343096170106986,0,0,0,12,2,5,2,12
8352,3,-1586434515905816588,0,1,1,8,5,2,1,8
8353,3,2736230311908606507,0,1,1,12,4,4,2,6
8354,3,6958495869888150483,0,0,0,13,1,5,1,9
8355,3,4699542816935364916,0,0,0,8,4,4,1,15
8356,3,-6254146419665720814,0,2,2,11,3,5,2,13
8357,3,-8831797857236839154,0,1,1,8,4,2,1,6
8358,3,-953499461791324125,0,2,2,9,1,4,2,12
8359,3,8263409670910723089,0,2,2,11,3,4,2,7
8360,3,-4609303556719955545,0,2,2,8,3,2,1,5
8361,3,309413650792717133,0,1,1,13,2,4,1,9
8362,3,8384965997613900357,0,0,0,9,8,3,1,8
8363,3,2753862579695040118,0,2,2,10,2,4,2,10
8364,3,1030495822436100285,0,1,1,7,4,2,1,5
8365,3,-7577595407124954340,0,2,2,12,2,5,2,8
8366,3,1409522215459542844,0,1,1,9,3,3,2,8
8367,3,-233899180673647842,0,1,1,9,1,4,2,16
8368,3,3102962551641908465,0,2,2,11,4,4,1,8
8369,3,-3198437924524518816,0,1,1,9,1,2,1,6
8370,3,2760619458287563999,0,0,0,12,2,5,2,10
8371,3,-7097733066925831237,0,1,1,13,1,6,2,16
8372,3,-2148679570929453579,0,1,1,11,1,4,2,8
8373,3,-6996425542171612875,0,0,0,8,3,4,2,12
8374,3,3017385986246455387,0,1,1,11,3,3,1,7
8375,3,3953191923547335537,0,0,0,11,2,4,1,9
8376,3,-4319287643693132786,0,0,0,8,4,4,2,12
8377,3,-8413639250840136600,0,0,0,9,4,3,1,9
8378,3,-3749563222408307538,0,0,0,13,5,5,1,12
8379,3,-1228119640240692903,0,0,0,11,2,5,1,16
8380,3,1512347041752522390,0,1,1,10,3,4,2,13
8381,3,-3665051052424941570,0,0,0,6,5,2,1,6
8382,3,6998981157379543341,0,1,1,9,6,3,2,11
8383,3,8443039292402975488,0,0,0,10,2,5,2,12
8384,3,-2888493490749216133,0,0,0,11,2,5,2,10
8385,3,6397990411030796715,0,0,0,9,2,3,1,8
8386,3,4486116925276872703,0,0,0,10,2,6,2,20
8387,3,-2127256869686472987,0,2,2,9,3,3,1,9
8388,3,-6443538521085894466,0,1,1,10,5,3,2,6
8389,3,4639054846286476124,0,0,0,9,2,5,2,18
8390,3,-8840664324640318305,0,1,1,11,6,4,2,6
8391,3,6517693848592029438,0,0,0,9,6,4,1,14
8392,3,-8695060362006106890,0,1,1,7,7,2,1,6
8393,3,-5606523898532842066,0,1,1,7,6,3,2,14
8394,3,1708914591800554078,0,1,1,11,2,4,2,12
8395,3,7721712685248510772,0,0,0,8,3,4,2,13
8396,3,-640198658933883957,0,1,1,11,7,3,2,9
8397,3,418502271701979764,0,0,0,11,1,5,2,11
8398,3,-8431023949219853602,0,0,0,10,1,5,1,17
8399,3,-114263633439165470,0,2,2,11,1,5,2,13
8400,3,-1415391237860980357,0,1,1,8,2,3,2,12
8401,3,2300446526547191605,0,0,0,10,2,5,2,12
8402,3,3355260415532532888,0,0,0,10,4,5,2,12
8403,3,-3817009738920956838,0,0,0,8,2,4,2,13
8404,3,-5922526940891725737,0,0,0,10,4,5,2,16
8405,3,1490693357187547051,0,2,2,10,4,4,2,7
8406,3,7766831975886125399,0,2,2,13,1,5,2,11
8407,3,-7416845476866822816,0,1,1,11,6,4,2,6
8408,3,-679970924745988281,0,0,0,9,4,4,2,12
8409,3,6379305411176835141,0,1,1,11,3,4,2,8
8410,3,844374485220447419,0,0,0,10,5,4,2,8
8411,3,6361259657188530093,0,1,1,11,1,5,2,14
8412,3,488775021750411330,0,0,0,10,7,5,2,14
8413,3,-7083882179751771,0,2,2,13,1,6,2,16
8414,3,4044061303429118647,0,1,1,12,2,5,2,15
8415,3,-280789761622774163,0,1,1,7,4,2,1,6
8416,3,-1234461709498124585,0,0,0,10,2,6,2,20
8417,3,-8761364855264051677,0,0,0,10,2,4,1,9
8418,3,6894347797055258132,0,2,2,12,2,5,2,8
8419,3,5551395526071792065,0,1,1,9,5,3,1,10
8420,3,-7414719769266880856,0,2,2,9,4,3,2,9
8421,3,6214349063622692425,0,1,1,12,3,4,2,7
8422,3,9186695943041312492,0,0,0,13,1,6,2,14
8423,3,7152211353543838014,0,1,1,9,3,2,1,3
8424,3,-3170661189265145367,0,0,0,10,3,5,2,12
8425,3,-3395888695893145258,0,0,0,12,1,6,2,16
8426,3,-5310493585630262993,0,0,0,12,3,5,1,15
8427,3,5378052772591976044,0,0,0,6,7,3,2,10
8428,3,-1879930793247686683,0,0,0,10,1,3,1,7
8429,3,-1551925247804160837,0,1,1,10,5,3,2,8
8430,3,8072046087988079393,0,1,1,10,3,4,2,11
8431,3,7259228535406544713,0,0,0,13,1,6,1,17
8432,3,42394254122564473,0,0,0,8,1,3,1,7
8433,3,-9119898512049793632,0,1,1,12,2,3,1,9
8434,3,-1551095046177080358,0,2,2,11,1,3,1,8
8435,3,8745954510980112579,0,0,0,10,4,5,2,12
8436,3,4738094645968148887,0,0,0,11,2,6,2,18
8437,3,8942999964481065824,0,2,2,14,2,6,2,14
8438,3,5655016919026391493,0,1,1,11,3,4,2,11
8439,3,767811271711127873,0,0,0,9,1,5,2,16
8440,3,-3752345783880839227,0,1,1,10,4,3,1,10
8441,3,6803873887057799688,0,0,0,8,4,4,2,14
8442,3,1921439543194675489,0,0,0,10,2,4,1,11
8443,3,7916168941869001499,0,1,1,7,8,2,2,6
8444,3,-1657635748782857572,0,0,0,9,5,4,1,11
8445,3,8798199986311920860,0,0,0,13,4,6,2,12
8446,3,2856135242914740867,0,0,0,10,3,4,1,10
8447,3,6803395521814562589,0,0,0,10,5,3,1,5
8448,3,1609207716192613449,0,0,0,8,9,2,1,4
8449,3,1426591411974707411,0,0,0,11,5,4,2,6
8450,3,2261263351607951698,0,1,1,11,1,5,2,15
8451,3,4380934327421824777,0,0,0,9,2,4,1,13
8452,3,5793712278679151374,0,0,0,11,6,4,1,10
8453,3,-2876346480686369002,0,1,1,10,4,4,2,8
8454,3,-2590348802799052214,0,2,2,8,4,3,2,9
8455,3,-1209427077376360430,0,1,1,11,2,3,1,6
8456,3,-995253274738362430,0,1,1,10,3,4,2,12
8457,3,-4375146608645894267,0,0,0,11,3,4,1,9
8458,3,-4287168724387257862,0,0,0,9,5,4,2,14
8459,3,7374533184112495969,0,0,0,9,1,4,1,14
8460,3,206872368146818125,0,0,0,9,7,4,2,8
8461,3,3426745873052285746,0,0,0,9,6,2,1,3
8462,3,-1785442472400512186,0,0,0,10,3,3,1,9
8463,3,2052727023154801299,0,1,1,10,7,3,2,6
8464,3,-2695223197692833234,0,1,1,9,3,4,2,12
8465,3,1493820676859832035,0,0,0,12,1,6,2,15
8466,3,5081467892617733605,0,0,0,8,6,3,1,9
8467,3,-9083852913685936583,0,0,0,10,1,4,1,13
8468,3,-7114147959959633675,0,2,2,13,3,5,2,10
8469,3,-6503234784519973484,0,1,1,11,3,3,1,8
8470,3,-8997177205817948957,0,2,2,11,1,5,2,10
8471,3,3270417295285146710,0,0,0,10,1,4,1,11
8472,3,2931840119097144520,0,1,1,12,4,4,2,5
8473,3,6901153195233211123,0,1,1,11,3,5,2,12
8474,3,-3124122361706040031,0,1,1,11,3,4,2,12
8475,3,-3193505987900094235,0,1,1,12,1,5,2,11
8476,3,-5082747365267180318,0,2,2,11,4,5,2,13
8477,3,5712696082305037795,0,2,2,12,4,4,1,10
8478,3,665005692911244240,0,1,1,9,3,3,1,9
8479,3,9100108745731580497,0,0,0,8,1,3,1,11
8480,3,-5147392765146752496,0,0,0,8,5,3,1,6
8481,3,-4055230459473816839,0,2,2,10,2,4,2,11
8482,3,1789304056879486202,0,1,1,9,2,4,2,12
8483,3,3762670193520231419,0,1,1,16,2,5,1,8
8484,3,-2779533504800608974,0,1,1,7,9,1,1,4
8485,3,761072897467481858,0,1,1,12,2,4,2,11
8486,3,-5643265974601266695,0,0,0,12,4,6,2,12
8487,3,5570720443291869368,0,0,0,11,4,5,2,10
8488,3,-1232619787357317696,0,2,2,10,1,3,1,6
8489,3,7115868623425929595,0,1,1,13,3,5,2,8
8490,3,481223953543788542,0,0,0,10,1,5,2,14
8491,3,-855956514115603120,0,0,0,11,1,4,1,9
8492,3,-6661839551569045438,0,1,1,13,1,6,2,15
8493,3,720242638152095511,0,1,1,7,8,2,2,4
8494,3,1310516465589321355,0,1,1,9,5,2,2,4
8495,3,-1237734009797815552,0,1,1,9,5,4,2,14
8496,3,-8061645944325495593,0,1,1,8,1,3,2,10
8497,3,-4227333823299722179,0,1,1,13,2,5,2,9
8498,3,8230119826245062137,0,1,1,11,3,4,2,8
8499,3,-6642543424982926855,0,0,0,12,1,5,1,13
8500,3,75164593347704239,0,0,0,8,6,4,2,11
8501,3,-8725572595239028856,0,1,1,9,2,4,2,12
8502,3,-214442141320352269,0,1,1,10,4,2,1,4
8503,3,8287895823098774495,0,1,1,11,4,3,2,8
8504,3,1898967954420891025,0,2,2,8,6,3,2,9
8505,3,-8434996069774107579,0,0,0,9,1,4,1,11
8506,3,3429564675655078905,0,0,0,11,1,5,2,12
8507,3,-1657154529104339382,0,0,0,10,4,5,2,15
8508,3,-1187916836638022058,0,1,1,10,1,3,1,8
8509,3,6216611400598568184,0,1,1,10,1,4,2,10
8510,3,-6803093578245895713,0,1,1,9,4,3,2,6
8511,3,392801609225475400,0,0,0,13,1,5,2,7
8512,3,-7864887107672252564,0,0,0,9,5,3,1,6
8513,3,-5402736826982705705,0,0,0,11,1,6,2,18
8514,3,-4852417928549718965,0,0,0,10,3,4,2,10
8515,3,-3847935313141994023,0,0,0,8,2,3,1,13
8516,3,1632791309638990932,0,1,1,10,4,4,2,12
8517,3,6354223658136434509,0,2,2,15,1,7,2,17
8518,3,1100672232295270714,0,0,0,10,2,4,1,13
8519,3,-8097198001566068622,0,0,0,12,2,6,2,14
8520,3,-562380457055165661,0,0,0,9,2,5,2,16
8521,3,-487352042155157383,0,1,1,12,2,4,1,9
8522,3,-5374648022506109317,0,0,0,12,1,6,2,12
8523,3,2032372963937698683,0,1,1,9,4,2,1,5
8524,3,8294810116324477701,0,0,0,11,1,5,2,12
8525,3,-353242956577850964,0,2,2,8,4,3,1,10
8526,3,8918391865153140786,0,0,0,9,5,5,2,16
8527,3,7464792804032951761,0,1,1,12,1,3,1,6
8528,3,-3887043612458726730,0,0,0,10,3,3,1,6
8529,3,6338011356536887023,0,2,2,11,4,4,1,14
8530,3,-7755587484580642985,0,1,1,9,1,3,1,10
8531,3,-1003674139314808508,0,0,0,8,6,4,2,12
8532,3,-6381880746731555065,0,0,0,8,2,3,1,11
8533,3,5465922926692018811,0,2,2,9,5,3,2,8
8534,3,-1317723793132140491,0,2,2,8,1,2,1,3
8535,3,1408044430429015322,0,1,1,9,4,2,1,7
8536,3,6315166362131648863,0,0,0,12,6,4,1,9
8537,3,-7779451587518562498,0,1,1,8,5,3,2,8
8538,3,9209705387495006443,0,0,0,8,6,3,1,9
8539,3,5086853709595596938,0,0,0,12,3,5,2,12
8540,3,-4307323040922122697,0,1,1,8,7,2,1,6
8541,3,5436204798037218141,0,2,2,11,2,5,2,17
8542,3,3227323861725519854,0,1,1,10,3,3,2,10
8543,3,7740967923137869122,0,0,0,12,5,4,1,9
8544,3,-4197167915024581731,0,2,2,9,3,4,1,15
8545,3,7266806352353135276,0,0,0,10,5,4,1,10
8546,3,2659593747431332485,0,0,0,9,8,3,1,6
8547,3,4202411117029714402,0,1,1,7,9,2,2,8
8548,3,-7465023133903245390,0,0,0,7,5,3,1,11
8549,3,-8968127771836813000,0,1,1,11,1,3,2,7
8550,3,1740759930021882700,0,1,1,10,3,3,1,5
8551,3,-6800338124672486273,0,1,1,8,9,1,1,1
8552,3,-179506256591296724,0,1,1,13,1,5,2,9
8553,3,8903826298456870334,0,0,0,11,2,5,2,15
8554,3,-2178522417080072014,0,0,0,12,3,5,1,13
8555,3,-7532395531253119711,0,0,0,10,1,5,1,19
8556,3,-2694579243319710763,0,0,0,10,1,4,1,13
8557,3,1357273528879989809,0,1,1,10,1,5,2,18
8558,3,-4300219792938947718,0,0,0,14,1,5,1,7
8559,3,-319117098513168315,0,0,0,10,1,5,1,15
8560,3,-815062313571345654,0,0,0,10,1,5,2,14
8561,3,-5422135339318556616,0,0,0,11,3,5,2,10
8562,3,-4660165602260794050,0,0,0,11,3,6,2,18
8563,3,-9081979935163973285,0,0,0,12,5,5,2,12
8564,3,-4846767338855381956,0,2,2,11,2,4,1,11
8565,3,-6191320695011483731,0,0,0,10,1,4,1,11
8566,3,97712288178210535,0,2,2,9,1,4,1,15
8567,3,4858891717368853833,0,0,0,10,8,4,2,9
8568,3,52407646923085682,0,1,1,10,4,4,2,12
8569,3,1093648172838941983,0,1,1,8,6,2,1,6
8570,3,-274805812546226378,0,1,1,10,4,2,1,4
8571,3,9006870236572853478,0,1,1,9,3,3,2,10
8572,3,-4996631418013473850,0,1,1,12,1,5,2,11
8573,3,3670189665697790545,0,0,0,10,4,4,2,8
8574,3,3065040359113857343,0,1,1,9,5,3,2,8
8575,3,4308469207257421696,0,1,1,9,2,4,2,12
8576,3,2691225496972617187,0,0,0,10,4,4,2,8
8577,3,4677404726822935225,0,2,2,9,6,2,1,6
8578,3,2975409598238466793,0,0,0,11,3,4,2,10
8579,3,3392992973936293207,0,1,1,7,6,2,2,6
8580,3,-5403783939778124146,0,0,0,8,8,3,2,6
8581,3,1843491436952206849,0,0,0,7,6,3,2,8
8582,3,6943658764711232367,0,1,1,11,4,4,2,8
8583,3,-7035400485067328993,0,1,1,10,6,3,2,6
8584,3,-8082147935025829606,0,1,1,11,1,3,1,7
8585,3,266270822211279498,0,1,1,8,3,2,1,8
8586,3,1839941217687730657,0,0,0,9,7,4,2,11
8587,3,-8238108980083849342,0,2,2,9,7,2,1,6
8588,3,-6256042729481475598,0,2,2,10,2,4,2,9
8589,3,8221070601893582820,0,0,0,7,4,3,1,12
8590,3,-8216755684478190684,0,1,1,9,2,4,2,12
8591,3,7976349139250167708,0,2,2,11,2,5,2,12
8592,3,-5767615663978042093,0,1,1,13,2,5,2,10
8593,3,8182784549906792792,0,0,0,8,7,3,2,10
8594,3,2682355398465694446,0,1,1,9,2,3,2,7
8595,3,6427836490796584829,0,0,0,8,7,4,2,14
8596,3,-7535029502454096754,0,2,2,10,1,4,2,7
8597,3,8253246848626100318,0,0,0,9,2,3,1,10
8598,3,-2671539356833112757,0,0,0,9,4,4,2,8
8599,3,-6204212535320870485,0,1,1,8,3,2,1,4
8600,3,-6953245646860552437,0,2,2,14,3,5,1,10
8601,3,772531907350107943,0,0,0,6,7,3,2,14
8602,3,-9045337912611868133,0,1,1,10,3,4,2,10
8603,3,1351866886615232669,0,0,0,8,6,4,2,12
8604,3,7503051118048202305,0,1,1,10,3,4,2,8
8605,3,-365665496777657580,0,0,0,10,1,4,1,12
8606,3,7668560034145745169,0,1,1,12,1,5,2,12
8607,3,-7175756965165952703,0,0,0,9,6,4,2,10
8608,3,-3927329059543624321,0,1,1,11,4,3,1,6
8609,3,4449117242734260028,0,2,2,12,1,3,1,4
8610,3,-5517241176690579275,0,0,0,12,1,5,1,12
8611,3,-3157119064194347658,0,0,0,8,6,3,1,9
8612,3,-2224033103624110041,0,0,0,7,8,3,2,8
8613,3,2582829961978343146,0,1,1,9,1,4,2,14
8614,3,-8584579322677910301,0,0,0,8,5,4,2,14
8615,3,7404999334437777043,0,0,0,9,4,3,1,7
8616,3,145709452517371949,0,0,0,12,1,6,2,14
8617,3,-8433727724229216227,0,1,1,11,3,4,1,6
8618,3,5439051492238628170,0,0,0,8,6,3,2,6
8619,3,-5495778293149657121,0,0,0,8,1,5,2,20
8620,3,-262082236851309412,0,0,0,7,9,2,1,5
8621,3,929420336818066951,0,1,1,9,2,4,2,14
8622,3,-6280858511377527825,0,0,0,9,1,4,1,10
8623,3,8814608287923507478,0,1,1,10,2,3,1,6
8624,3,9202010279055906833,0,2,2,13,3,5,1,8
8625,3,-7194656886779278449,0,1,1,13,2,4,1,7
8626,3,-8341389580802212953,0,1,1,10,5,3,2,8
8627,3,-7190184232302763798,0,0,0,9,5,3,1,4
8628,3,3488905355106697022,0,1,1,10,4,4,2,8
8629,3,7199222948943353295,0,2,2,10,2,3,1,11
8630,3,-3425437946624754016,0,1,1,11,3,5,2,15
8631,3,1667619486107514752,0,0,0,12,1,5,1,11
8632,3,7481315654630954856,0,0,0,9,7,3,1,8
8633,3,-1618890561285423466,0,0,0,8,5,3,1,11
8634,3,-7240766665466827560,0,1,1,8,5,4,2,16
8635,3,-4416234867893327633,0,1,1,8,1,2,1,6
8636,3,8966163152461010154,0,0,0,7,3,4,2,16
8637,3,6764493547707317990,0,0,0,12,1,6,2,12
8638,3,6353524061457842852,0,0,0,10,1,5,2,14
8639,3,1420976924967286725,0,1,1,8,5,1,1,3
8640,3,-2444054529342455376,0,1,1,10,3,3,1,6
8641,3,-4256172845492326025,0,1,1,10,1,3,1,12
8642,3,5989567626898429739,0,0,0,7,7,3,1,13
8643,3,2502695502396845953,0,0,0,9,5,3,1,10
8644,3,5188209315838106557,0,1,1,9,5,3,2,6
8645,3,1924328925209646387,0,0,0,6,5,2,1,8
8646,3,2005893355941126889,0,0,0,10,5,4,2,6
8647,3,8636949854381035290,0,0,0,10,2,4,1,9
8648,3,-3963930322464259163,0,1,1,12,2,3,1,4
8649,3,-1995018389638062152,0,1,1,11,1,3,1,5
8650,3,-1469571149180938707,0,0,0,11,4,5,1,12
8651,3,-6201405975280663690,0,0,0,12,2,6,2,14
8652,3,7515395767759797011,0,0,0,7,8,3,2,10
8653,3,-6002049832502992935,0,1,1,9,4,2,1,9
8654,3,9173346237250502554,0,2,2,9,3,2,1,4
8655,3,-5511825743083965964,0,1,1,7,5,3,2,12
8656,3,-4906214583464643771,0,0,0,8,1,3,1,11
8657,3,-4287098821677928419,0,0,0,8,1,4,1,15
8658,3,204512863923815082,0,1,1,9,8,3,2,8
8659,3,-261467689326030109,0,0,0,10,4,5,2,16
8660,3,-2645391924452365429,0,1,1,11,3,4,2,8
8661,3,4384255813211830591,0,0,0,10,2,5,2,12
8662,3,-1777456484667400666,0,0,0,9,6,4,2,12
8663,3,8833787662938643464,0,2,2,9,3,3,1,9
8664,3,-5206086629512126517,0,0,0,10,1,5,2,14
8665,3,9023739531922310316,0,1,1,8,5,2,1,6
8666,3,-4646287888190143825,0,0,0,10,1,4,1,9
8667,3,-418780833188611300,0,0,0,12,1,6,2,12
8668,3,729082174042998528,0,0,0,9,2,3,1,7
8669,3,344347187385147144,0,1,1,7,5,2,1,6
8670,3,-8654467712922109639,0,0,0,9,2,5,2,16
8671,3,-8148252045332471732,0,1,1,10,6,4,2,10
8672,3,-5529814986841857610,0,1,1,8,5,3,2,12
8673,3,-2350092378221000023,0,0,0,10,5,4,2,10
8674,3,1337719105524701579,0,1,1,9,7,2,1,5
8675,3,8064567573300713655,0,2,2,8,4,3,2,7
8676,3,-6656332341215455088,0,1,1,8,4,3,2,6
8677,3,1703783797705605658,0,1,1,7,6,3,2,12
8678,3,-6276349406647365440,0,0,0,10,5,4,1,11
8679,3,75501477899204852,0,0,0,10,7,4,2,6
8680,3,2017875111465577155,0,2,2,8,5,2,1,9
8681,3,-677723315933590886,0,0,0,8,6,4,2,14
8682,3,6296267547764488136,0,0,0,11,3,4,1,8
8683,3,-7332871903915485303,0,0,0,10,2,5,2,12
8684,3,6917084431981931672,0,1,1,9,5,3,2,5
8685,3,3646970365076756122,0,0,0,6,8,3,2,10
8686,3,-4447805450279929368,0,2,2,10,2,4,1,14
8687,3,-5678394809273084043,0,1,1,11,7,4,2,9
8688,3,-4541588764820367890,0,2,2,12,1,5,2,12
8689,3,5117188044676364355,0,0,0,8,5,4,2,10
8690,3,-3168630591871235274,0,0,0,10,2,5,2,12
8691,3,7367689382215320231,0,2,2,9,5,4,2,14
8692,3,4507665881948463285,0,2,2,9,2,3,2,4
8693,3,1023805242998285294,0,0,0,9,5,4,2,10
8694,3,1186888260525043486,0,2,2,10,1,5,2,19
8695,3,1813560622776628356,0,0,0,14,2,6,2,8
8696,3,-2895892947010832524,0,2,2,10,2,5,2,16
8697,3,6948195453128983209,0,1,1,8,4,3,2,12
8698,3,-2717056573472387361,0,2,2,10,1,5,2,16
8699,3,-7544914960776080283,0,0,0,9,8,2,1,5
8700,3,1061227704277201859,0,0,0,11,2,5,2,10
8701,3,-1627963192305380167,0,1,1,10,1,4,2,12
8702,3,-9055349117913243633,0,0,0,8,5,4,2,15
8703,3,-6320722720772055018,0,1,1,12,2,5,2,10
8704,3,987738475077086418,0,2,2,10,1,4,2,10
8705,3,-6948635237208792046,0,1,1,10,3,3,1,10
8706,3,-8457316029977945325,0,2,2,9,1,4,2,15
8707,3,4270761246090577497,0,1,1,9,4,2,1,7
8708,3,6130927734749304289,0,0,0,7,4,4,2,16
8709,3,5150924497600530145,0,0,0,10,6,4,2,8
8710,3,2404002038125937064,0,0,0,7,3,3,1,11
8711,3,4202889912339763553,0,2,2,15,1,6,2,13
8712,3,-3104542257944580922,0,2,2,9,3,4,2,15
8713,3,3946035334981267971,0,0,0,12,3,5,2,12
8714,3,8791075084367885661,0,1,1,7,6,2,2,4
8715,3,1618122911331246424,0,0,0,9,2,4,2,10
8716,3,-2480033263166130070,0,0,0,9,5,3,1,10
8717,3,1846743422957689739,0,0,0,10,5,6,2,20
8718,3,6153298995294494230,0,1,1,10,2,4,2,11
8719,3,8252416108805846745,0,1,1,7,8,2,2,2
8720,3,6911833106816341836,0,1,1,9,4,2,1,5
8721,3,-2970248013231919808,0,0,0,9,6,4,1,11
8722,3,-4928646288732872565,0,1,1,8,6,2,1,6
8723,3,-1161926971844620938,0,0,0,12,3,5,1,12
8724,3,-8364286547961209348,0,1,1,11,5,3,1,5
8725,3,-3650434234479065316,0,2,2,9,3,4,2,14
8726,3,-6583552253074332474,0,1,1,9,3,3,2,8
8727,3,253630341949212211,0,0,0,9,3,3,1,9
8728,3,-342744226729572959,0,1,1,10,1,3,2,8
8729,3,-7999218837911498290,0,0,0,10,3,5,2,14
8730,3,1116371884053867689,0,0,0,8,4,4,1,15
8731,3,-1790703851801746935,0,0,0,9,2,4,1,13
8732,3,4254362246899100276,0,0,0,12,1,6,2,14
8733,3,-535466799680036551,0,0,0,8,2,3,1,9
8734,3,-3378858405000856986,0,0,0,8,8,3,2,8
8735,3,3269197653743848548,0,1,1,7,5,2,2,8
8736,3,-5268500575785297341,0,1,1,9,4,2,1,6
8737,3,-3764124730975901965,0,2,2,11,1,4,2,9
8738,3,3970884697413273349,0,2,2,11,1,5,2,11
8739,3,4387238620394059174,0,0,0,9,2,5,2,16
8740,3,-4845177218130906385,0,0,0,9,3,3,1,8
8741,3,-7159806609766271801,0,0,0,9,2,5,2,16
8742,3,8394039634832148705,0,1,1,11,5,3,1,10
8743,3,-391786657999094366,0,1,1,11,1,3,1,7
8744,3,-8040627097308720914,0,1,1,10,3,4,1,13
8745,3,7072630083162705715,0,1,1,11,3,5,2,14
8746,3,-5717693797308921301,0,1,1,12,2,4,1,11
8747,3,3932310376758881825,0,1,1,9,1,3,2,6
8748,3,5372691666452336073,0,1,1,8,3,3,2,10
8749,3,4101648015868137451,0,0,0,13,2,5,1,12
8750,3,8886656529027813222,0,0,0,8,5,4,2,16
8751,3,363909876237682016,0,0,0,11,1,6,2,16
8752,3,-8164608747212697953,0,1,1,9,2,3,2,8
8753,3,5175840863448520788,0,1,1,8,4,2,1,2
8754,3,6513969511120719337,0,1,1,10,3,4,2,9
8755,3,503704014597853328,0,2,2,9,1,3,1,11
8756,3,-539432823932329311,0,0,0,10,2,5,2,12
8757,3,2759575805981692938,0,1,1,9,5,4,2,11
8758,3,2352771873974678112,0,2,2,10,3,4,2,9
8759,3,-3726367665559218603,0,2,2,9,1,4,2,13
8760,3,-9205549232637234796,0,1,1,9,1,3,2,9
8761,3,5352901144044211034,0,0,0,8,6,4,2,10
8762,3,-4692457627084589236,0,0,0,10,7,4,2,9
8763,3,-2007271888128011960,0,0,0,9,1,5,2,18
8764,3,-336189453166658990,0,2,2,12,4,3,1,6
8765,3,-839332846574729784,0,1,1,7,5,2,1,6
8766,3,5403341435837959038,0,2,2,9,1,5,2,20
8767,3,-1924528532069909899,0,2,2,9,2,4,2,15
8768,3,5567876308655300937,0,2,2,9,1,3,1,9
8769,3,-4012698493821617013,0,1,1,10,2,3,2,6
8770,3,788513485451905184,0,2,2,12,1,5,1,14
8771,3,-5498065669077212195,0,1,1,7,6,1,1,4
8772,3,-3272101128814932230,0,0,0,7,6,3,2,10
8773,3,-4513070340851294964,0,2,2,10,4,4,2,10
8774,3,7763554937516800428,0,0,0,8,6,3,1,11
8775,3,-8233995786351058187,0,2,2,10,2,5,2,19
8776,3,1028454523131125371,0,0,0,9,3,4,1,13
8777,3,8699341013069994859,0,1,1,9,2,2,1,4
8778,3,-1244061187717254798,0,1,1,11,1,4,2,8
8779,3,-652228301515076826,0,0,0,9,3,5,2,16
8780,3,-6337827954740601866,0,1,1,9,6,2,1,5
8781,3,-4174667736486128390,0,0,0,10,5,4,2,8
8782,3,4755347486870384919,0,1,1,11,4,3,1,9
8783,3,7710158597530810443,0,1,1,13,1,4,1,9
8784,3,6368122174407873320,0,0,0,8,2,4,2,13
8785,3,-7394216033955495232,0,2,2,12,2,4,1,7
8786,3,-1545800258047402351,0,2,2,12,1,5,2,13
8787,3,-2357532834704824010,0,0,0,11,1,5,2,12
8788,3,8440884242631699938,0,2,2,10,1,4,1,10
8789,3,-8206963484158149641,0,2,2,11,2,4,2,7
8790,3,2426172670333913900,0,2,2,10,2,4,2,12
8791,3,9103816328353622571,0,1,1,10,2,3,1,6
8792,3,8087390019433357964,0,0,0,13,3,5,1,15
8793,3,2265363770229065869,0,0,0,9,2,4,2,10
8794,3,-3994481000880518649,0,0,0,11,6,5,2,12
8795,3,-5463297771411828894,0,1,1,9,1,3,1,8
8796,3,-4638635182908018019,0,1,1,8,7,3,2,8
8797,3,-7610897896355380313,0,0,0,8,9,3,2,6
8798,3,-6909747923718318440,0,0,0,11,1,6,2,18
8799,3,-7569017065026207863,0,2,2,11,2,4,1,11
8800,3,6097263945195354404,0,0,0,11,2,5,2,14
8801,3,-4476386979611472358,0,1,1,7,8,2,1,6
8802,3,4936221003110517540,0,0,0,11,2,4,1,8
8803,3,-884819517868995007,0,1,1,10,7,4,2,8
8804,3,-121083012810897086,0,0,0,11,1,6,2,16
8805,3,5334543037502492913,0,2,2,10,1,3,1,8
8806,3,-4106077908694292664,0,1,1,13,1,5,1,10
8807,3,-3807233391435438436,0,1,1,13,1,4,2,8
8808,3,-3343187618134483794,0,0,0,10,2,4,1,11
8809,3,-625033450433687574,0,0,0,10,2,5,2,13
8810,3,2459783368195974771,0,2,2,10,1,4,2,12
8811,3,-2983692418098461274,0,0,0,8,7,4,2,12
8812,3,-647202806753734096,0,0,0,11,4,4,1,9
8813,3,-7545238427354739720,0,2,2,9,7,3,2,8
8814,3,3373968002009261673,0,0,0,9,2,4,2,10
8815,3,-4501746032091839271,0,1,1,10,5,4,2,10
8816,3,969352716025953318,0,1,1,8,5,2,1,8
8817,3,4619220927186957762,0,0,0,8,4,3,1,11
8818,3,3726294218888846785,0,1,1,10,4,4,2,8
8819,3,2352379359744767142,0,1,1,11,1,5,2,10
8820,3,-6446051484540502270,0,2,2,8,4,3,1,11
8821,3,-7709230703825358813,0,0,0,11,3,5,2,10
8822,3,-6815829425665858968,0,0,0,8,6,4,2,12
8823,3,-3239549602036300045,0,2,2,9,6,2,1,2
8824,3,4617498118841663433,0,2,2,9,3,3,1,11
8825,3,6165531740560532136,0,2,2,11,2,4,1,14
8826,3,1244269705787965469,0,2,2,14,2,4,1,7
8827,3,7417198671069989272,0,1,1,11,6,3,2,9
8828,3,-8940356223069887851,0,1,1,9,5,2,1,4
8829,3,-1005263234681234411,0,0,0,9,5,3,1,9
8830,3,2756279754519830258,0,1,1,9,2,4,2,18
8831,3,5716095909865615585,0,1,1,11,2,4,1,14
8832,3,-8776358291466249963,0,2,2,10,3,3,1,10
8833,3,1706261817038259424,0,0,0,11,1,5,2,12
8834,3,-9092181733229577775,0,2,2,8,8,3,2,7
8835,3,3767865085713330703,0,0,0,10,1,5,2,12
8836,3,3440481929391227144,0,0,0,10,2,4,1,7
8837,3,2833838005528388020,0,0,0,10,1,6,2,20
8838,3,-7427845062018603787,0,1,1,11,2,4,2,7
8839,3,7768455581855509975,0,0,0,10,1,5,2,16
8840,3,79723829521715909,0,0,0,8,5,4,2,12
8841,3,5902352496024184304,0,0,0,10,1,4,1,9
8842,3,-2920825123941653395,0,0,0,10,2,4,1,9
8843,3,-5375249653141116191,0,0,0,9,3,5,2,16
8844,3,-2263829427575644233,0,2,2,9,3,3,1,9
8845,3,-6504511965106596314,0,2,2,9,2,3,2,7
8846,3,3098748479364403868,0,0,0,8,6,4,1,15
8847,3,-6416595172947976118,0,0,0,12,1,6,2,16
8848,3,-5472138305212423975,0,1,1,9,2,4,2,14
8849,3,-5740376591731950948,0,1,1,10,7,2,1,4
8850,3,-4658429564883069252,0,1,1,9,2,4,2,10
8851,3,-3067665003835142110,0,2,2,12,5,4,2,7
8852,3,2135886494816933182,0,1,1,8,2,3,2,10
8853,3,8699918521819046350,0,0,0,10,3,5,2,14
8854,3,8244650550754421590,0,1,1,10,4,4,2,10
8855,3,-6306160038862523921,0,1,1,9,5,3,2,10
8856,3,-3432106753364987765,0,1,1,12,5,5,2,12
8857,3,9081741513902895850,0,1,1,10,5,4,2,12
8858,3,5083969060406932683,0,1,1,9,6,3,1,8
8859,3,-858220599036580567,0,1,1,13,2,4,1,11
8860,3,-7458374134488360581,0,2,2,12,1,5,2,14
8861,3,1643073513764409426,0,0,0,10,1,4,1,11
8862,3,-1940011818744141873,0,1,1,7,9,1,1,2
8863,3,-1754590381532240964,0,0,0,9,3,4,2,9
8864,3,6995625578964056154,0,1,1,10,3,3,1,10
8865,3,414499619727395358,0,0,0,8,8,2,1,6
8866,3,1501593351707672552,0,0,0,10,1,5,2,14
8867,3,-7038259091678638967,0,1,1,7,9,1,1,2
8868,3,3961380908485203339,0,1,1,7,3,3,2,12
8869,3,6380768068324466839,0,2,2,12,1,5,2,12
8870,3,-2090326140892641805,0,1,1,10,4,4,2,10
8871,3,-6883613409315021340,0,1,1,11,3,3,1,7
8872,3,-8696229132312131581,0,1,1,10,3,4,2,7
8873,3,-5921345514924222787,0,2,2,8,3,3,2,8
8874,3,2184118759938991776,0,2,2,9,3,4,2,12
8875,3,-978549777346443241,0,1,1,13,2,6,2,14
8876,3,-7046537740017306677,0,0,0,8,6,3,1,11
8877,3,-3481161921879042877,0,0,0,12,1,6,2,14
8878,3,-5783897914013837071,0,1,1,12,2,5,2,9
8879,3,-2231952316068479010,0,1,1,9,4,3,1,9
8880,3,-5171689550749558655,0,0,0,9,4,3,1,12
8881,3,2908640108096690829,0,1,1,7,5,2,1,6
8882,3,5545573302449607871,0,1,1,9,3,3,2,6
8883,3,-7444998019346736918,0,1,1,9,4,3,1,8
8884,3,-3474103676990558249,0,0,0,11,2,5,2,12
8885,3,-669427446591978951,0,1,1,8,2,2,1,6
8886,3,-266504391943464651,0,1,1,10,4,4,2,9
8887,3,-5206384227093925794,0,0,0,11,2,5,2,10
8888,3,-5933888677199487981,0,0,0,9,5,3,1,9
8889,3,5816617295272399507,0,0,0,8,5,3,1,8
8890,3,-2082756926232902829,0,1,1,10,1,3,1,6
8891,3,8762381926570977109,0,1,1,11,3,2,1,3
8892,3,-6191619676637862258,0,1,1,10,1,4,2,13
8893,3,-983262825532661345,0,0,0,11,3,5,2,14
8894,3,-2134301356131109780,0,0,0,13,2,5,1,14
8895,3,-3766358908361003686,0,0,0,8,7,4,2,10
8896,3,-408234596247073227,0,1,1,11,5,4,2,10
8897,3,-8128386681671153901,0,2,2,13,1,5,1,8
8898,3,-7517846943908378456,0,0,0,9,3,4,2,12
8899,3,-7308579661218604306,0,1,1,10,3,3,1,6
8900,3,6677352231429826059,0,1,1,7,7,3,2,10
8901,3,-2461332445643759910,0,0,0,10,2,5,2,14
8902,3,8212990868372020611,0,2,2,10,6,2,1,7
8903,3,-1724704602856662011,0,2,2,15,2,7,2,15
8904,3,8276103898434470821,0,1,1,9,6,4,2,12
8905,3,-2591784713865700462,0,0,0,8,3,4,2,14
8906,3,-5945597640305809332,0,0,0,6,8,3,2,12
8907,3,-3885784562905437559,0,0,0,11,1,5,2,10
8908,3,2448983058818678188,0,1,1,12,3,4,2,10
8909,3,-2675957957910304497,0,2,2,9,6,3,1,9
8910,3,3636347489977375911,0,0,0,6,2,3,1,15
8911,3,4839851850112506070,0,0,0,9,4,3,1,11
8912,3,-2583664241828644257,0,2,2,10,1,4,1,14
8913,3,-4996009523526967594,0,1,1,9,2,3,2,6
8914,3,-8767496120543747317,0,0,0,8,3,4,2,12
8915,3,317683264220310588,0,1,1,11,2,4,2,8
8916,3,-3529931981196931570,0,0,0,11,2,5,1,17
8917,3,6798023354279297698,0,1,1,11,7,4,2,6
8918,3,4035067509483282245,0,1,1,11,4,4,2,10
8919,3,-8420339463193081983,0,1,1,11,3,4,1,11
8920,3,-8021251678867707488,0,1,1,8,6,3,2,12
8921,3,-4161417126350431517,0,2,2,10,3,4,2,10
8922,3,8280588099925165812,0,2,2,9,2,3,1,9
8923,3,-5048106142215903908,0,0,0,11,4,6,2,16
8924,3,731972397792254222,0,0,0,8,5,3,2,6
8925,3,8283447589173203258,0,1,1,10,3,3,1,10
8926,3,-5884152840337373174,0,0,0,9,7,3,2,6
8927,3,12264764410995451,0,1,1,10,4,4,2,12
8928,3,958921560626139622,0,0,0,9,4,3,1,5
8929,3,-6310641659332745985,0,0,0,10,4,4,1,14
8930,3,-4551400183927849135,0,0,0,10,1,5,2,12
8931,3,6907591871210691198,0,1,1,11,1,5,2,16
8932,3,4200051862907212233,0,1,1,10,5,4,2,14
8933,3,-1553878002632954437,0,1,1,10,1,3,1,8
8934,3,-427407415395320092,0,1,1,9,4,3,2,9
8935,3,2728666941507407225,0,0,0,9,5,3,1,7
8936,3,-7589025444107465492,0,1,1,12,3,4,1,12
8937,3,-7827288800732942930,0,2,2,9,4,4,2,14
8938,3,5137089072545359025,0,0,0,12,2,5,1,13
8939,3,-833085371501453450,0,0,0,8,7,3,2,10
8940,3,9141956441496169627,0,1,1,12,3,4,2,7
8941,3,-5287950213485890486,0,0,0,12,1,6,2,16
8942,3,-3374835022299430658,0,0,0,9,4,4,2,10
8943,3,-3118821705869467535,0,2,2,9,1,4,2,12
8944,3,7522072822439583154,0,0,0,10,2,4,1,13
8945,3,-7483050442102566730,0,0,0,6,8,3,2,10
8946,3,-880760688666964767,0,0,0,11,4,5,2,13
8947,3,6904864506697082714,0,1,1,9,2,4,2,14
8948,3,4775960816767250210,0,1,1,11,4,4,2,12
8949,3,-2071193082530278324,0,1,1,9,5,3,2,10
8950,3,-1440275783764201273,0,0,0,9,2,4,1,13
8951,3,-5442022537983050601,0,2,2,9,3,3,1,11
8952,3,2211276854098198642,0,1,1,13,3,5,2,10
8953,3,8231803548707251483,0,2,2,9,2,4,2,14
8954,3,1703523239004347118,0,1,1,8,9,1,1,3
8955,3,-2712937206291442561,0,2,2,9,2,4,2,15
8956,3,3979822454067773499,0,1,1,10,3,2,1,6
8957,3,-1611298016049373083,0,0,0,8,4,5,2,20
8958,3,3442236211826877930,0,0,0,11,6,6,2,18
8959,3,7538302554102946271,0,0,0,7,7,3,1,12
8960,3,5467678357628615339,0,0,0,11,5,3,1,6
8961,3,-6816154207494664926,0,2,2,10,2,4,2,14
8962,3,8613233556199591716,0,0,0,13,4,7,2,16
8963,3,-4514589292190693255,0,0,0,9,5,5,2,16
8964,3,-3288805829118806013,0,1,1,10,4,3,2,6
8965,3,6262571969587994236,0,1,1,8,8,2,1,6
8966,3,8297229545595682134,0,0,0,9,3,5,2,16
8967,3,-593320897664395391,0,0,0,10,5,4,2,7
8968,3,7662835932739660569,0,0,0,10,3,5,2,12
8969,3,-1526086749994957231,0,1,1,10,2,3,1,9
8970,3,6754769668298250000,0,1,1,9,4,3,2,8
8971,3,-8972699177956051938,0,0,0,9,3,5,2,18
8972,3,-8003047157097353257,0,2,2,9,3,2,1,6
8973,3,-128967694268770380,0,1,1,11,2,5,2,16
8974,3,4507667492180781367,0,0,0,9,2,5,2,16
8975,3,3977200917577337839,0,0,0,8,2,4,1,15
8976,3,-7191612036916815430,0,1,1,9,2,3,1,10
8977,3,-7319409978194445972,0,2,2,12,1,4,1,9
8978,3,3489645466797268352,0,0,0,11,1,5,2,14
8979,3,-8244064178335455357,0,1,1,8,4,3,2,10
8980,3,-7080901235572747693,0,1,1,10,1,4,2,9
8981,3,3426334925923281012,0,2,2,10,3,4,2,15
8982,3,2930696316966109433,0,2,2,11,2,4,2,10
8983,3,4848012597383484639,0,0,0,14,4,6,2,13
8984,3,-1614171698714327094,0,0,0,8,9,3,2,10
8985,3,2130605591137700473,0,2,2,10,1,3,2,5
8986,3,5530357588176034433,0,2,2,13,1,5,2,14
8987,3,6995186994603647485,0,1,1,9,8,1,1,2
8988,3,-6555760888234005674,0,0,0,10,3,5,2,14
8989,3,-6019160078642835361,0,0,0,9,2,5,2,16
8990,3,-5738235985296830133,0,0,0,9,6,4,2,8
8991,3,5621311758978606919,0,2,2,9,2,3,1,9
8992,3,-1246603970722922554,0,2,2,11,2,4,1,11
8993,3,-3463164010125924163,0,2,2,9,1,4,2,14
8994,3,2872403971538314079,0,0,0,7,3,4,2,16
8995,3,4378528000894263840,0,2,2,10,4,4,2,8
8996,3,-1678365416412448773,0,2,2,8,5,3,2,9
8997,3,6012579216402350684,0,2,2,10,2,4,2,11
8998,3,-5401037278672376807,0,0,0,10,6,5,2,11
8999,3,5512856249945497435,0,0,0,9,4,4,2,10
9000,3,3042527060757865835,0,0,0,10,1,5,2,12
9001,3,1420693735277616827,0,1,1,10,4,4,2,12
9002,3,-660315565131646296,0,0,0,11,1,5,1,14
9003,3,93729937298175426,0,0,0,9,4,4,2,8
9004,3,-1900501944597907808,0,1,1,8,2,2,1,6
9005,3,-4966662819602369394,0,2,2,10,3,3,1,9
9006,3,-1270259358104078192,0,1,1,9,1,4,2,13
9007,3,5515017067043410064,0,0,0,10,1,6,2,20
9008,3,6751494023637288375,0,0,0,9,2,4,1,14
9009,3,1010174620202148411,0,0,0,10,3,5,2,14
9010,3,6804992592056868905,0,2,2,8,1,2,1,7
9011,3,4184831826436966903,0,1,1,9,3,3,2,12
9012,3,1941616768290141922,0,2,2,10,2,4,2,9
9013,3,3893795370201772124,0,0,0,9,3,5,2,16
9014,3,315208726790390557,0,1,1,12,1,4,2,8
9015,3,8868407267255686556,0,0,0,9,1,4,1,14
9016,3,-5742130466554829082,0,1,1,10,1,4,2,8
9017,3,-6873489448839175105,0,2,2,8,5,2,1,5
9018,3,-1454029407426846482,0,1,1,10,1,4,2,14
9019,3,8333188771068148502,0,0,0,11,1,5,1,15
9020,3,-4269617418283030114,0,1,1,7,4,3,2,12
9021,3,-519646370499845527,0,1,1,10,6,3,1,8
9022,3,2951280458337586542,0,2,2,9,2,3,1,9
9023,3,2655547158183321714,0,1,1,11,4,4,2,6
9024,3,-8831051196246550410,0,2,2,9,8,3,2,9
9025,3,8781741694591017231,0,2,2,8,5,2,1,5
9026,3,6276025158479390532,0,0,0,8,1,3,1,13
9027,3,5236900930787042482,0,1,1,7,5,1,1,4
9028,3,-7298093937923411728,0,2,2,11,1,3,1,7
9029,3,6488522888515562139,0,1,1,8,5,3,2,8
9030,3,6037801161635995246,0,1,1,9,7,2,1,4
9031,3,4175432417180093001,0,1,1,12,1,3,1,9
9032,3,4020257058967585571,0,0,0,9,6,4,2,10
9033,3,6054927274750406701,0,0,0,10,3,5,2,14
9034,3,-3400933120424719686,0,0,0,11,2,5,2,12
9035,3,-3573875408964701792,0,0,0,8,9,3,2,6
9036,3,-2017561155126267849,0,2,2,10,1,4,2,14
9037,3,7424594417930431511,0,1,1,8,2,3,2,12
9038,3,-9108002369237249461,0,0,0,12,1,5,1,12
9039,3,2115140797667124117,0,0,0,9,2,4,2,14
9040,3,3038602513181309162,0,1,1,10,1,3,1,11
9041,3,-4851741625747254176,0,1,1,10,6,3,2,6
9042,3,-2647895583920627686,0,0,0,10,1,5,2,14
9043,3,5303684693192764407,0,0,0,6,6,3,2,10
9044,3,8154919718327589902,0,2,2,9,2,4,2,10
9045,3,4936179948561915202,0,1,1,9,2,3,1,9
9046,3,-7505503043870037389,0,0,0,11,2,5,1,13
9047,3,-3918819373703478261,0,1,1,7,9,2,2,2
9048,3,-2382642834162350840,0,0,0,9,2,5,2,16
9049,3,-180485094727365715,0,1,1,11,3,3,1,4
9050,3,8127463179265067380,0,0,0,8,6,3,1,9
9051,3,6131629797543070986,0,2,2,9,2,4,2,15
9052,3,5575449528648960595,0,1,1,9,3,2,1,7
9053,3,1547860555242592194,0,2,2,6,4,3,2,15
9054,3,-3620287882089570927,0,1,1,10,1,4,2,12
9055,3,-7823167163656037728,0,0,0,9,4,3,1,10
9056,3,508916704046218235,0,0,0,9,1,4,1,14
9057,3,-45426648595308712,0,1,1,10,1,4,2,10
9058,3,8641335485009200659,0,1,1,8,4,2,1,6
9059,3,-2109294212108710545,0,1,1,10,5,3,2,6
9060,3,4004906051694019107,0,2,2,10,4,5,2,16
9061,3,6978005481608341626,0,0,0,8,1,4,1,17
9062,3,-4910111694160844908,0,1,1,10,4,3,1,9
9063,3,1390865013536947594,0,1,1,11,3,4,2,8
9064,3,-5054373921734800513,0,1,1,12,6,4,2,8
9065,3,4655357513116578790,0,2,2,11,2,3,1,5
9066,3,-4154570615181344124,0,1,1,10,3,5,2,18
9067,3,-4617191273935031046,0,1,1,9,1,2,1,5
9068,3,3818411536581250010,0,0,0,11,4,5,2,10
9069,3,3357067639778418576,0,1,1,11,7,2,1,3
9070,3,8268211691657124263,0,1,1,9,2,3,2,8
9071,3,-59038225247651267,0,1,1,9,1,3,1,7
9072,3,5065399203718515346,0,0,0,10,2,5,2,16
9073,3,4001941231223707933,0,2,2,14,1,6,1,18
9074,3,3736913673974605973,0,2,2,11,1,5,1,17
9075,3,-8740675636095554878,0,2,2,11,3,3,1,9
9076,3,-3631787587299901161,0,2,2,9,2,3,1,11
9077,3,6193533027096420457,0,1,1,8,2,2,1,6
9078,3,4205277113500248633,0,0,0,11,1,3,1,6
9079,3,-205657726854339218,0,1,1,9,3,4,2,14
9080,3,5695065871128103280,0,1,1,11,1,3,1,7
9081,3,-5018944303274993151,0,0,0,10,1,4,1,6
9082,3,9093310147173183315,0,2,2,8,3,2,1,7
9083,3,2610180228481828122,0,2,2,9,2,3,1,9
9084,3,-4333479747531809611,0,0,0,6,2,4,2,20
9085,3,-5389493916365868631,0,1,1,9,4,2,1,7
9086,3,-2693709745528814346,0,2,2,15,1,5,1,9
9087,3,-5181903703261598958,0,1,1,11,5,4,2,5
9088,3,2451975246943625622,0,0,0,7,2,3,1,12
9089,3,4983778796182539480,0,0,0,12,1,5,2,12
9090,3,-94447973489202422,0,2,2,10,3,4,2,12
9091,3,6765472722208659863,0,2,2,8,2,4,2,15
9092,3,6379572733842442962,0,1,1,8,1,3,2,10
9093,3,5496432972974755127,0,0,0,8,4,4,2,12
9094,3,-8184488309123933493,0,0,0,8,4,4,2,12
9095,3,-4654685822634254754,0,1,1,8,8,3,2,8
9096,3,8993517037712049601,0,0,0,8,5,3,1,7
9097,3,3993382045838025510,0,0,0,8,6,3,1,8
9098,3,8278767104383802696,0,0,0,13,1,6,1,11
9099,3,-151668425298326256,0,1,1,9,5,3,2,8
9100,3,7756555943577155787,0,0,0,11,6,5,2,13
9101,3,8295620142644146231,0,0,0,11,2,5,2,13
9102,3,148458227417297381,0,2,2,9,4,3,2,6
9103,3,-380109792227915320,0,0,0,8,7,2,1,4
9104,3,3344044607053713903,0,1,1,9,5,3,2,5
9105,3,7024366012417833393,0,1,1,13,4,5,2,14
9106,3,6415750982892668121,0,0,0,11,2,4,1,12
9107,3,-8045743735492140136,0,2,2,11,2,4,1,9
9108,3,835227376038094141,0,0,0,13,2,6,2,10
9109,3,-6567369336979035378,0,1,1,7,7,2,2,4
9110,3,-140818367732451919,0,1,1,9,5,3,2,8
9111,3,-4997761714682839292,0,0,0,12,1,5,1,13
9112,3,5180602827744353116,0,0,0,8,7,3,1,8
9113,3,8902614772298098813,0,0,0,10,3,5,2,13
9114,3,-6815104768716280373,0,1,1,9,2,3,2,9
9115,3,-2748482066499104635,0,0,0,11,1,5,1,12
9116,3,4857068213942710277,0,1,1,10,5,4,2,12
9117,3,-7446691856995880607,0,2,2,11,3,5,2,10
9118,3,-6970464019275217188,0,1,1,9,2,3,2,8
9119,3,-5803875822521391353,0,0,0,11,1,6,2,16
9120,3,-3704564370444894075,0,0,0,11,5,5,2,13
9121,3,6830840142035014352,0,0,0,11,2,4,1,9
9122,3,-5356533044053212821,0,1,1,9,1,4,2,16
9123,3,8121930123028301419,0,0,0,11,1,6,2,18
9124,3,4116944029349390911,0,1,1,10,4,3,1,9
9125,3,-6815463121817916908,0,1,1,10,3,3,2,6
9126,3,4437637581891832659,0,0,0,8,3,3,1,6
9127,3,5688040334335922694,0,1,1,11,1,4,2,10
9128,3,1360744530169706792,0,0,0,9,4,5,2,16
9129,3,1860291207683536686,0,0,0,7,7,3,2,8
9130,3,1646727497815889477,0,1,1,10,3,3,1,7
9131,3,2413209901518472992,0,0,0,10,2,5,2,13
9132,3,-1342108442093115830,0,1,1,13,1,4,2,8
9133,3,-8272305970427068594,0,0,0,10,1,5,2,18
9134,3,7048360011872009796,0,1,1,8,9,2,2,6
9135,3,8222931817453242230,0,1,1,10,3,3,1,8
9136,3,5096813056553510465,0,1,1,11,2,4,2,10
9137,3,4128599005342351196,0,1,1,9,5,3,2,8
9138,3,1412272400113893415,0,0,0,11,2,3,1,6
9139,3,592348717964571577,0,0,0,10,1,4,1,13
9140,3,3238686111842699201,0,1,1,10,6,4,2,10
9141,3,9037322023904882291,0,0,0,10,1,5,2,14
9142,3,7788065776172400666,0,2,2,12,3,5,2,12
9143,3,3751768123058050573,0,1,1,13,1,5,2,8
9144,3,-4701147798683033074,0,2,2,11,2,4,2,12
9145,3,-2451663898175451040,0,1,1,9,5,3,2,7
9146,3,6266243978812956701,0,0,0,12,3,6,2,12
9147,3,-8713086329572778869,0,1,1,9,8,3,2,8
9148,3,-8812517425581419646,0,0,0,10,1,5,1,15
9149,3,8128699750856136743,0,2,2,10,4,4,2,9
9150,3,-3778115964004620669,0,0,0,10,5,4,2,10
9151,3,6537212498866774975,0,2,2,11,2,4,2,9
9152,3,1514494584661069834,0,2,2,10,2,5,2,17
9153,3,8709997383381621374,0,1,1,7,8,2,2,6
9154,3,5856497680875074677,0,1,1,8,4,3,2,10
9155,3,-8965256410081095382,0,2,2,9,2,4,2,13
9156,3,5727438123244617641,0,0,0,11,5,3,1,5
9157,3,8657814552655433809,0,2,2,10,3,3,1,10
9158,3,-1680892091427369875,0,0,0,10,1,6,2,20
9159,3,-3263976649672016447,0,2,2,11,6,4,1,10
9160,3,3775550840194739444,0,1,1,7,6,1,1,4
9161,3,5099680933697923388,0,1,1,10,1,3,1,9
9162,3,-4909581500258572101,0,0,0,11,5,4,2,9
9163,3,-7834643781642768276,0,1,1,10,3,4,2,12
9164,3,1889123886563181461,0,2,2,7,4,3,1,15
9165,3,-3547351707002655212,0,0,0,7,7,3,2,8
9166,3,2488625070712873475,0,1,1,11,5,4,2,12
9167,3,515716691428206728,0,0,0,9,6,3,1,9
9168,3,-3772302512895418679,0,2,2,11,1,5,2,10
9169,3,-2020523763104943266,0,0,0,12,1,5,1,10
9170,3,-5140903337147931203,0,0,0,9,1,4,1,10
9171,3,69926771142916198,0,2,2,11,4,5,2,15
9172,3,1307142994823931874,0,1,1,11,3,5,2,15
9173,3,5749627855989021654,0,2,2,11,4,4,1,10
9174,3,-9153416863284675404,0,2,2,14,1,6,2,13
9175,3,2206102720428142537,0,0,0,7,6,3,2,8
9176,3,-2948638432384203579,0,1,1,10,5,4,2,8
9177,3,-7979509798616749334,0,2,2,11,1,4,2,9
9178,3,5668002002267382152,0,0,0,8,1,3,1,8
9179,3,-3206497589009246612,0,1,1,9,5,3,1,10
9180,3,3111926020984460908,0,2,2,12,1,5,2,13
9181,3,84269337355282237,0,1,1,9,6,3,2,7
9182,3,-304471887335823572,0,1,1,11,1,5,2,15
9183,3,7340550293331506810,0,2,2,12,2,5,2,14
9184,3,3592938085974771557,0,2,2,6,3,3,2,15
9185,3,239193611620519204,0,1,1,9,2,3,1,9
9186,3,4926678969205862248,0,1,1,8,6,3,2,6
9187,3,4536196840922396436,0,2,2,8,1,4,2,15
9188,3,2629820039103294033,0,1,1,10,3,3,1,10
9189,3,-5946529302336548564,0,0,0,9,7,4,2,10
9190,3,8678731736948633944,0,1,1,8,6,3,2,8
9191,3,8204452536105846479,0,0,0,10,2,5,2,12
9192,3,6917626854316501094,0,1,1,10,2,4,2,10
9193,3,-3088680508441939310,0,1,1,10,1,3,1,8
9194,3,-7418793984759836693,0,0,0,7,5,2,1,7
9195,3,2986681217798690355,0,1,1,12,6,4,2,5
9196,3,-5399071786334650386,0,0,0,11,5,6,2,16
9197,3,-4218378141115802167,0,1,1,9,2,4,2,16
9198,3,-2359312356133617563,0,0,0,11,1,5,2,10
9199,3,-4498321501434371523,0,1,1,11,1,3,1,9
9200,3,139420534401356486,0,1,1,9,5,3,2,7
9201,3,-656120160238870792,0,1,1,8,4,3,2,9
9202,3,2151128464738648285,0,1,1,9,4,3,2,6
9203,3,-6021447971684708643,0,0,0,11,3,6,2,16
9204,3,8256538965211235552,0,2,2,12,3,3,1,5
9205,3,170430177127359609,0,0,0,11,1,6,2,18
9206,3,-1672391722838204736,0,0,0,8,3,4,2,10
9207,3,-1659214775092801159,0,1,1,10,3,3,1,7
9208,3,-6717561922670695743,0,1,1,9,6,3,2,7
9209,3,-5617792438759599780,0,0,0,10,1,5,2,15
9210,3,-1155739728251105972,0,1,1,8,4,3,2,10
9211,3,-4936991689729381527,0,2,2,10,2,4,1,14
9212,3,4848741236425656323,0,1,1,11,5,2,1,5
9213,3,-9077116158103134238,0,1,1,9,5,2,1,5
9214,3,-8879815550993183722,0,0,0,9,4,3,1,9
9215,3,-8219502134678702984,0,1,1,7,7,2,2,2
9216,3,-3300748597201642028,0,1,1,10,1,3,1,5
9217,3,1989682532252554242,0,0,0,9,6,4,2,8
9218,3,-3137194471872848508,0,0,0,8,6,3,1,9
9219,3,6457373790788990313,0,0,0,11,3,5,2,16
9220,3,7792086428249180534,0,1,1,11,2,4,1,13
9221,3,6177182299171536359,0,0,0,10,2,4,1,13
9222,3,-335354266940682924,0,1,1,12,4,3,1,6
9223,3,-4599002559402110352,0,0,0,8,3,3,1,9
9224,3,-4976228376557866307,0,1,1,8,5,2,1,6
9225,3,1000420563323112559,0,2,2,10,1,5,2,15
9226,3,-5243826253263829229,0,0,0,8,2,4,2,14
9227,3,440685494028223925,0,2,2,12,1,5,2,13
9228,3,-8361383838510298476,0,1,1,9,4,3,2,10
9229,3,-4843244447227744338,0,1,1,10,7,2,1,8
9230,3,3010082551920835751,0,0,0,8,5,3,1,13
9231,3,8449711305619728853,0,0,0,11,2,6,2,18
9232,3,-6411820871517070984,0,0,0,9,4,5,2,16
9233,3,159212260827204457,0,0,0,11,6,4,1,9
9234,3,-3629664486500426554,0,0,0,9,5,3,1,10
9235,3,5326000356737471584,0,0,0,13,1,4,1,8
9236,3,1503208918357270011,0,0,0,9,2,5,2,16
9237,3,-8935824926044751460,0,1,1,8,5,1,1,1
9238,3,8894696125806107004,0,0,0,9,3,4,2,10
9239,3,3571053395850297436,0,1,1,12,2,4,1,13
9240,3,2484139152016915266,0,0,0,9,5,4,2,10
9241,3,7219106604963568885,0,0,0,9,2,5,2,16
9242,3,2173625749795159721,0,1,1,9,7,3,2,8
9243,3,-8184123819845695296,0,1,1,9,2,3,2,10
9244,3,1490448546557278088,0,1,1,13,3,4,2,10
9245,3,4807057014771303254,0,1,1,11,1,3,1,6
9246,3,-9200714480463570815,0,2,2,14,3,5,1,13
9247,3,2827062803020935930,0,0,0,7,9,2,1,5
9248,3,-5919072951764219239,0,0,0,8,4,4,2,14
9249,3,3966857546364213334,0,2,2,11,6,4,2,5
9250,3,7924540233983617546,0,0,0,11,1,6,2,18
9251,3,-6417812181218850454,0,0,0,15,2,6,2,8
9252,3,6750316027091041367,0,1,1,8,2,3,2,10
9253,3,7986435886581540801,0,0,0,11,1,4,1,9
9254,3,4740521747468186529,0,1,1,11,3,3,1,6
9255,3,6073158037695694309,0,1,1,11,4,4,1,12
9256,3,3551981971227611961,0,0,0,9,6,4,2,10
9257,3,2764649782779277332,0,1,1,9,2,4,2,13
9258,3,-3081475054794307210,0,1,1,7,6,2,2,4
9259,3,-5367333772153107405,0,0,0,10,5,4,1,13
9260,3,6937279617595331271,0,0,0,9,2,4,1,15
9261,3,-9191852465710627582,0,0,0,10,5,5,2,12
9262,3,-5268494443715413493,0,1,1,10,2,3,1,6
9263,3,7533512340366292112,0,0,0,9,4,4,1,15
9264,3,-6829228302857385441,0,1,1,10,5,3,1,6
9265,3,6553788753174905329,0,1,1,8,4,3,2,10
9266,3,8896164210694538424,0,0,0,9,5,4,2,8
9267,3,6081949316890846767,0,1,1,10,3,3,2,8
9268,3,5115783724298973811,0,2,2,13,2,6,2,18
9269,3,-7044274120788276099,0,0,0,8,6,4,2,14
9270,3,-512843731043983318,0,0,0,8,3,4,2,12
9271,3,8990847927955046834,0,1,1,9,7,4,2,10
9272,3,-8807747463823467127,0,2,2,10,6,2,1,3
9273,3,-5974368665456007435,0,0,0,9,2,4,1,12
9274,3,4371978002771431648,0,2,2,8,5,2,1,5
9275,3,3240112640215129012,0,1,1,11,1,4,2,8
9276,3,2704732902197736506,0,0,0,9,5,3,1,4
9277,3,-8371740249480064295,0,0,0,8,3,4,2,10
9278,3,1824139311875542957,0,0,0,10,1,4,1,8
9279,3,-2042634542147762369,0,0,0,10,5,4,2,7
9280,3,6176970578012898547,0,0,0,10,1,5,2,12
9281,3,936487224454431586,0,1,1,11,6,2,1,5
9282,3,4071232056753635385,0,2,2,14,1,4,1,6
9283,3,7285888466997375062,0,1,1,7,8,2,1,8
9284,3,5472926515392848439,0,0,0,9,5,4,2,8
9285,3,-3273055896615215110,0,0,0,8,7,3,1,9
9286,3,-5017700682069657728,0,0,0,11,1,5,2,12
9287,3,-7067580563111950739,0,1,1,11,2,4,2,10
9288,3,-3010212572195925734,0,0,0,12,3,5,1,10
9289,3,4220025752417949375,0,0,0,13,1,6,2,15
9290,3,-8350329767574285743,0,0,0,9,3,5,2,18
9291,3,-8339086785087244565,0,1,1,9,5,3,2,6
9292,3,1081876723705579463,0,2,2,16,1,7,2,14
9293,3,6809471024534126341,0,1,1,10,2,3,1,6
9294,3,-3843975750177793072,0,1,1,11,2,4,2,8
9295,3,4209819315976452015,0,2,2,9,4,4,2,14
9296,3,-1150541110643459076,0,2,2,10,1,3,1,9
9297,3,2691939554082589649,0,0,0,11,2,4,1,9
9298,3,-5180031607266786316,0,0,0,11,1,4,1,8
9299,3,-1090695806687731320,0,1,1,9,4,2,1,7
9300,3,-7588662543290203767,0,0,0,8,3,4,2,12
9301,3,551926133854277214,0,0,0,10,2,5,2,14
9302,3,390069189708965386,0,2,2,12,2,5,2,13
9303,3,3116994997483608764,0,1,1,11,4,2,1,2
9304,3,-6091852841856583467,0,0,0,6,4,3,1,15
9305,3,-8222972329404249956,0,0,0,12,3,6,2,12
9306,3,8303888139486601008,0,1,1,11,3,4,2,5
9307,3,-8698418933037821566,0,0,0,12,3,5,1,11
9308,3,-8952883059227095719,0,1,1,8,7,2,1,6
9309,3,-4504410708358033492,0,1,1,9,5,3,2,6
9310,3,1733262869332473051,0,0,0,9,1,5,2,16
9311,3,-2820048523895273848,0,0,0,10,3,3,1,7
9312,3,4895348365153928226,0,0,0,9,8,3,1,8
9313,3,-4530851339066638747,0,2,2,9,3,4,2,16
9314,3,-1510139207337440431,0,2,2,9,2,3,1,11
9315,3,-3788698371349747859,0,1,1,10,3,3,1,10
9316,3,9049641051962268243,0,0,0,9,2,4,1,14
9317,3,7553539837183915986,0,0,0,10,2,4,1,11
9318,3,-8205722875984466896,0,2,2,8,1,4,2,15
9319,3,-275025921002817208,0,1,1,8,5,2,1,6
9320,3,-8918055923195055199,0,2,2,9,1,4,2,11
9321,3,-8695213207028368974,0,1,1,10,4,3,1,6
9322,3,-5520254582351029019,0,2,2,10,2,4,2,12
9323,3,5019823091662295839,0,2,2,9,3,4,2,12
9324,3,-500299547012687659,0,1,1,10,2,4,2,16
9325,3,7618069554171592439,0,1,1,11,6,4,2,7
9326,3,-1970721769408625354,0,1,1,9,4,3,2,6
9327,3,634381176625260657,0,1,1,10,1,4,2,12
9328,3,-2571257546557323698,0,2,2,9,3,3,1,11
9329,3,-6982225614043631032,0,0,0,11,3,4,1,11
9330,3,-1880970729254574663,0,1,1,7,9,2,2,6
9331,3,-7173254388742347859,0,0,0,11,6,5,2,10
9332,3,-3922594487712331140,0,2,2,10,1,5,2,16
9333,3,-5331663292496072578,0,1,1,8,2,2,1,8
9334,3,7342035970912755290,0,2,2,12,2,6,2,16
9335,3,-5754925180604084040,0,1,1,10,2,4,2,12
9336,3,-2175362917669211034,0,0,0,9,1,5,2,16
9337,3,6752076833052171050,0,1,1,10,1,3,1,7
9338,3,3618747483062109401,0,2,2,10,3,4,2,12
9339,3,6580167360511547243,0,1,1,10,3,2,1,4
9340,3,5565784415189439013,0,0,0,12,3,6,2,14
9341,3,-4205268789070054642,0,1,1,9,3,2,1,5
9342,3,-5876366011791848631,0,1,1,9,2,3,1,11
9343,3,-4136882608156719597,0,1,1,11,3,3,1,9
9344,3,3182585802056597351,0,0,0,9,5,3,2,8
9345,3,5596346839532335776,0,0,0,11,1,6,2,18
9346,3,-2286028907218372973,0,1,1,9,2,3,2,10
9347,3,-2848595021156766736,0,2,2,9,2,5,2,20
9348,3,4992140872789951469,0,2,2,9,4,3,1,13
9349,3,-7364452198290571126,0,1,1,8,4,3,2,8
9350,3,-230550232913500943,0,0,0,8,2,3,1,11
9351,3,1425992568114512822,0,0,0,9,3,3,1,7
9352,3,-4797626237891919347,0,2,2,8,2,3,1,11
9353,3,-1971335987720744404,0,1,1,13,4,5,2,12
9354,3,382839150611031155,0,0,0,9,3,3,1,6
9355,3,-2172276658270654962,0,1,1,7,4,2,1,8
9356,3,-6096395596078910160,0,0,0,10,1,5,1,15
9357,3,-305821057644042727,0,1,1,10,6,3,1,11
9358,3,-6038170211122194051,0,0,0,10,2,4,1,11
9359,3,-2970152886205187050,0,0,0,9,1,5,2,16
9360,3,7537318303614926933,0,0,0,9,3,4,2,16
9361,3,-6229599227186528619,0,0,0,12,1,6,2,16
9362,3,7847612093940413767,0,2,2,14,3,5,1,11
9363,3,1929707259461159389,0,2,2,12,2,5,2,11
9364,3,1544759804999945357,0,2,2,14,2,6,2,15
9365,3,8107891138045240350,0,2,2,8,3,2,1,5
9366,3,8935078382575254620,0,1,1,9,2,4,2,11
9367,3,523488046500145384,0,1,1,9,3,3,2,8
9368,3,-1815771855642462339,0,0,0,10,2,5,1,17
9369,3,7201235139975903200,0,2,2,9,1,4,2,12
9370,3,-661185516569354981,0,1,1,12,1,4,2,10
9371,3,3676238442641480368,0,0,0,8,3,4,2,12
9372,3,8657160865068798431,0,2,2,11,2,4,1,10
9373,3,-7333719658534218177,0,0,0,10,1,6,2,20
9374,3,-8913347317284448711,0,0,0,9,7,3,1,7
9375,3,-7144613249706304734,0,0,0,9,4,4,2,10
9376,3,-8368901059018052096,0,2,2,9,7,4,2,15
9377,3,3291343736261658961,0,0,0,11,1,5,1,15
9378,3,7694524783796251966,0,0,0,10,2,4,1,13
9379,3,6948940146016369437,0,1,1,10,5,3,2,6
9380,3,6486636116933705284,0,1,1,11,2,4,2,10
9381,3,21747364934781793,0,2,2,11,3,4,1,9
9382,3,-498237260632509181,0,1,1,12,4,4,1,10
9383,3,7299997542086347511,0,2,2,10,2,5,2,18
9384,3,-3768722594336423010,0,0,0,10,2,3,1,6
9385,3,9213143747446544750,0,0,0,9,7,3,1,8
9386,3,224138729267815482,0,2,2,10,1,3,1,9
9387,3,-4312921066288507655,0,0,0,11,3,4,1,13
9388,3,-4079132861075633128,0,1,1,11,1,4,2,13
9389,3,8604626796367271337,0,1,1,9,5,3,2,11
9390,3,2064456492777126886,0,2,2,10,5,3,1,8
9391,3,3665341541948958686,0,0,0,11,7,3,1,5
9392,3,94507150201045329,0,2,2,10,1,4,2,11
9393,3,-7782659809807074821,0,2,2,9,4,2,1,6
9394,3,3407149651167116766,0,0,0,10,2,5,2,14
9395,3,-6617192635977780904,0,1,1,7,5,3,2,10
9396,3,-7454177383249475846,0,0,0,9,1,3,1,12
9397,3,-6762947832962491780,0,1,1,9,1,3,1,11
9398,3,179480996670059343,0,2,2,9,4,2,1,4
9399,3,7745720105109727371,0,1,1,11,4,4,2,7
9400,3,2908818315828914520,0,1,1,7,2,2,1,8
9401,3,-5586563827752077315,0,0,0,9,1,5,2,16
9402,3,5718715389552608055,0,1,1,11,7,3,2,7
9403,3,-6729819933239162736,0,2,2,9,2,3,1,11
9404,3,-2659146833077691450,0,0,0,7,8,2,1,5
9405,3,4862027340390261375,0,1,1,7,5,2,1,6
9406,3,255788652220373227,0,1,1,10,1,3,1,6
9407,3,4770928069645638388,0,2,2,10,3,3,1,8
9408,3,8825420700076902191,0,0,0,8,4,4,1,15
9409,3,5135625992891231162,0,0,0,8,3,3,1,9
9410,3,7588951026496608913,0,1,1,11,3,3,1,7
9411,3,6581663561289060918,0,0,0,12,2,5,2,11
9412,3,8024402268996298904,0,1,1,11,2,4,2,10
9413,3,6628883923196717463,0,0,0,8,6,3,1,9
9414,3,350285680887213991,0,2,2,9,1,5,2,20
9415,3,2552226881934881868,0,0,0,8,7,4,2,12
9416,3,2384166591721160596,0,2,2,11,1,5,2,14
9417,3,-3029375423165904714,0,0,0,13,1,4,1,10
9418,3,1818761982868821882,0,0,0,8,1,5,2,20
9419,3,1242200223467132191,0,1,1,7,9,1,1,2
9420,3,3100022208287804622,0,1,1,12,2,5,2,12
9421,3,5397985801030741737,0,0,0,11,8,4,2,10
9422,3,-1038590528025243728,0,2,2,11,2,3,1,7
9423,3,2107492919825129738,0,2,2,8,8,3,2,9
9424,3,7855811791967903875,0,0,0,8,4,4,2,12
9425,3,2733350658949705143,0,1,1,11,4,4,2,10
9426,3,4428111710371203775,0,0,0,12,1,6,2,10
9427,3,6044662888129312607,0,1,1,9,5,2,1,4
9428,3,1284766424598427909,0,1,1,14,1,4,1,9
9429,3,7768303616408913114,0,0,0,8,1,3,1,9
9430,3,680319257018775155,0,0,0,8,7,4,2,16
9431,3,5541267746255443170,0,1,1,11,4,4,2,7
9432,3,4947596057163379001,0,0,0,9,6,3,1,12
9433,3,4607602564135220417,0,1,1,8,3,3,2,8
9434,3,2269886927553696364,0,0,0,13,2,5,1,13
9435,3,-4120564176311284148,0,1,1,11,1,3,1,8
9436,3,8465810721699594010,0,2,2,9,6,3,2,8
9437,3,-1574045014074580721,0,2,2,8,1,4,2,15
9438,3,-1980829292841789795,0,1,1,8,6,1,1,1
9439,3,-7347061460291675447,0,1,1,11,1,3,1,5
9440,3,-5060815855746203084,0,2,2,11,4,4,2,13
9441,3,1576361972316144410,0,0,0,6,9,2,1,6
9442,3,1948858801492453839,0,2,2,10,2,4,2,13
9443,3,8306027319409110650,0,1,1,10,1,3,2,6
9444,3,984234902362595881,0,0,0,7,6,3,2,10
9445,3,-4350460656764801939,0,1,1,12,2,5,2,12
9446,3,5581351261605341212,0,1,1,8,6,3,2,8
9447,3,5272147438872208628,0,2,2,9,4,3,1,11
9448,3,-581139236643750608,0,1,1,13,1,4,1,10
9449,3,-1311251578343712442,0,1,1,11,1,4,1,9
9450,3,262042888978315636,0,1,1,11,2,4,2,12
9451,3,5582357184331856832,0,1,1,9,3,3,1,9
9452,3,6422862315262011025,0,0,0,11,1,6,2,18
9453,3,3612109695318086425,0,1,1,11,1,3,1,11
9454,3,5989310272048625691,0,1,1,9,1,3,1,8
9455,3,3316868942595185881,0,1,1,9,4,3,1,11
9456,3,-237512474441698006,0,1,1,8,1,2,1,6
9457,3,-1636273226136329461,0,1,1,10,1,2,1,6
9458,3,-3863647991168981207,0,0,0,8,9,3,2,6
9459,3,-2996771362948318927,0,0,0,10,2,5,2,12
9460,3,-2801396868663811603,0,0,0,10,3,4,1,13
9461,3,-674041431447595913,0,0,0,10,3,5,2,14
9462,3,3638697325375830281,0,0,0,9,2,5,2,16
9463,3,-8715236436531170516,0,0,0,11,4,4,2,8
9464,3,-3869887274329475489,0,0,0,10,1,4,1,13
9465,3,4755379469886556013,0,0,0,11,1,4,1,11
9466,3,2630425311076804090,0,0,0,10,7,3,1,4
9467,3,227232222769781026,0,1,1,11,3,3,1,8
9468,3,-599035867013625061,0,0,0,8,1,4,2,12
9469,3,4454361252468396846,0,1,1,10,1,4,2,10
9470,3,-422417438474235247,0,1,1,11,4,4,2,8
9471,3,-3837101474897416222,0,1,1,12,2,5,1,12
9472,3,431929233297167949,0,1,1,12,3,4,2,9
9473,3,1476009305745488049,0,0,0,6,8,2,1,8
9474,3,3732459102410999349,0,0,0,12,5,4,1,9
9475,3,-3267918314334925526,0,1,1,11,1,4,2,10
9476,3,-6173409601011856840,0,0,0,8,1,4,2,14
9477,3,1678200190416020770,0,2,2,10,1,3,1,3
9478,3,569124135274869154,0,1,1,7,9,2,2,8
9479,3,-1138553803870879184,0,1,1,9,2,3,1,13
9480,3,3687890858584507312,0,0,0,9,3,3,1,5
9481,3,-3287767053529430947,0,0,0,7,9,3,2,8
9482,3,8211735517025650023,0,1,1,9,2,2,1,6
9483,3,4256579678310815260,0,0,0,9,2,4,1,15
9484,3,2428129535005149345,0,2,2,9,2,3,1,13
9485,3,-5127341394935946377,0,0,0,9,3,4,2,10
9486,3,-4459706987347650456,0,1,1,12,4,4,2,7
9487,3,-324366675845017461,0,2,2,9,4,3,1,13
9488,3,-289528484526795130,0,1,1,10,5,3,2,4
9489,3,-5426761607034346698,0,1,1,10,3,4,2,11
9490,3,6905093831096229468,0,2,2,11,4,5,2,16
9491,3,6317471622809637902,0,0,0,9,6,4,2,10
9492,3,1690888152839340274,0,0,0,12,2,5,2,10
9493,3,452023247662381716,0,1,1,10,2,3,2,8
9494,3,3251648181723082319,0,0,0,10,4,4,2,8
9495,3,-2936469456353277783,0,0,0,7,6,2,1,7
9496,3,4077785132674261003,0,1,1,12,2,4,2,8
9497,3,-4070261229559903936,0,0,0,8,1,5,2,20
9498,3,-5080587223356974814,0,0,0,13,1,7,2,18
9499,3,9966022904419924,0,0,0,12,1,5,1,11
9500,3,-8408033076247785718,0,1,1,9,2,2,1,3
9501,3,1659995416897485340,0,1,1,8,6,3,2,10
9502,3,4486936133201301510,0,1,1,7,9,1,1,4
9503,3,-4319649043459018883,0,0,0,6,9,3,2,10
9504,3,-6470774045023372612,0,1,1,11,2,4,1,8
9505,3,7486632095834600896,0,1,1,12,3,3,1,8
9506,3,3481929109246106373,0,2,2,10,1,5,2,16
9507,3,3637272082432027524,0,2,2,12,4,4,2,13
9508,3,5924541269786628,0,0,0,8,1,4,2,14
9509,3,-5571684609621990154,0,0,0,9,1,5,2,16
9510,3,948088185473867641,0,2,2,9,1,3,2,8
9511,3,-1799084007978290882,0,2,2,10,3,3,1,11
9512,3,9122124493655448151,0,2,2,13,2,6,2,15
9513,3,5550574712663524156,0,0,0,10,1,3,1,9
9514,3,-1451816480270256493,0,1,1,9,5,3,1,11
9515,3,-546600296872578701,0,0,0,12,2,5,2,10
9516,3,-8499852563627548098,0,1,1,12,3,3,1,9
9517,3,-216225179738488507,0,1,1,10,6,2,1,6
9518,3,4931017350234788821,0,2,2,12,1,4,1,9
9519,3,-4586135149196398240,0,1,1,12,3,4,2,8
9520,3,7016813394224880599,0,0,0,11,1,4,1,9
9521,3,8479546808922978168,0,0,0,8,3,3,1,9
9522,3,5951160873627057048,0,0,0,8,5,2,1,6
9523,3,-5670661899900754634,0,0,0,16,3,6,1,12
9524,3,4562925731291845973,0,0,0,8,5,4,1,15
9525,3,-3817646410494384017,0,0,0,11,3,6,2,18
9526,3,8276975734780512647,0,1,1,8,5,2,1,8
9527,3,-7870385865665029479,0,0,0,11,5,5,2,12
9528,3,4599875604170265980,0,1,1,10,3,3,1,8
9529,3,-7861939139025267846,0,0,0,9,3,4,1,15
9530,3,-2616605389164132574,0,1,1,10,3,3,1,11
9531,3,-1617210534274305247,0,0,0,8,2,3,1,8
9532,3,-2631305624800126427,0,0,0,7,4,3,1,12
9533,3,6462064999479334682,0,1,1,9,2,3,1,8
9534,3,2152663114959655485,0,1,1,9,3,3,2,6
9535,3,375295651893489372,0,2,2,10,1,3,1,6
9536,3,4355876791547897536,0,0,0,6,8,3,2,10
9537,3,-3964095817731873914,0,1,1,7,7,1,1,4
9538,3,-1547305432022477954,0,1,1,14,1,5,1,13
9539,3,2924481392482682570,0,0,0,9,6,4,2,12
9540,3,-6398771015411752243,0,0,0,11,3,5,1,16
9541,3,6868712778211196201,0,0,0,10,3,4,2,10
9542,3,-5303244719838427934,0,2,2,11,4,4,2,11
9543,3,-8698181236267903136,0,2,2,9,1,3,2,6
9544,3,-5833690617319143326,0,1,1,9,3,4,2,12
9545,3,-2323258277588152543,0,0,0,9,5,5,2,16
9546,3,-779871671809619912,0,1,1,7,9,1,1,4
9547,3,6792279602938616582,0,0,0,8,3,3,1,11
9548,3,-784116673018813784,0,0,0,8,3,4,2,12
9549,3,-5696763902634357310,0,0,0,10,3,5,2,14
9550,3,-3371049537313239644,0,1,1,9,7,2,1,5
9551,3,4754074358544217241,0,1,1,12,2,6,2,16
9552,3,-4715231879005201314,0,2,2,11,1,4,1,10
9553,3,4251562853331659025,0,1,1,9,1,4,2,16
9554,3,8557078952624605726,0,1,1,8,1,3,2,10
9555,3,-2817944052205057558,0,2,2,10,1,5,2,16
9556,3,-4262875264060236203,0,0,0,13,1,6,1,17
9557,3,-851317397156343990,0,2,2,10,2,3,1,6
9558,3,4869550683644755441,0,0,0,9,1,4,2,12
9559,3,-7122314837206815172,0,0,0,11,1,5,2,14
9560,3,4721854694305758706,0,0,0,10,5,4,2,8
9561,3,3766902397832986459,0,0,0,10,3,3,1,5
9562,3,7974077673124907836,0,0,0,10,1,5,2,16
9563,3,-1389862545432126262,0,1,1,12,1,3,1,5
9564,3,6704660657784060847,0,1,1,10,2,2,1,2
9565,3,1667232073776229222,0,1,1,11,5,5,2,11
9566,3,382536591453281396,0,0,0,10,1,5,2,12
9567,3,-6681682945807023297,0,1,1,9,2,3,1,9
9568,3,-3020355891298365031,0,1,1,9,2,2,1,5
9569,3,-5841481217492948157,0,0,0,8,6,3,1,11
9570,3,7907654094506859232,0,1,1,12,3,5,2,14
9571,3,-5340800998284714949,0,0,0,8,7,4,2,16
9572,3,-1314537717501439533,0,1,1,7,3,3,2,10
9573,3,-8729459352607801605,0,1,1,7,5,2,1,6
9574,3,-486475426107738852,0,0,0,8,4,3,1,7
9575,3,-3750600777217156651,0,2,2,11,1,4,1,11
9576,3,7113279075897513234,0,1,1,10,3,3,1,10
9577,3,-41751328699784882,0,1,1,9,1,3,1,9
9578,3,8234762573550548375,0,1,1,10,1,4,1,14
9579,3,-7060249953337270252,0,2,2,10,1,5,2,17
9580,3,-8376767958840297184,0,0,0,12,1,5,2,10
9581,3,6749991635895298606,0,1,1,9,1,3,1,8
9582,3,-208503883817522924,0,0,0,8,8,3,1,9
9583,3,-672824529897271435,0,1,1,8,6,3,2,10
9584,3,8114295301354860378,0,0,0,8,2,5,2,20
9585,3,9140187722550395202,0,2,2,11,1,4,2,6
9586,3,1437422938432230701,0,1,1,7,3,3,2,10
9587,3,-8197782199593836696,0,0,0,12,2,5,1,14
9588,3,1592040418921536306,0,0,0,10,2,6,2,20
9589,3,165125268749246564,0,1,1,7,4,3,2,11
9590,3,-2183731306233037109,0,1,1,10,1,4,2,13
9591,3,-7032811996894639917,0,0,0,10,1,4,2,11
9592,3,1198241436753281197,0,0,0,11,6,4,1,9
9593,3,7191706021300266532,0,1,1,8,5,3,2,10
9594,3,-4568796832785940305,0,2,2,8,7,3,2,10
9595,3,-672059247063908211,0,0,0,10,1,4,1,13
9596,3,-2965134030458486043,0,1,1,8,7,2,1,8
9597,3,-1110495900863547326,0,1,1,8,5,2,1,6
9598,3,3210946463155712493,0,0,0,11,3,5,2,13
9599,3,-8117137551420997148,0,0,0,11,1,4,1,9
9600,3,4321080604537041544,0,1,1,10,3,4,2,10
9601,3,-5081412498464180681,0,0,0,11,6,5,2,10
9602,3,789369224036228204,0,1,1,11,5,4,2,8
9603,3,1484655497129847064,0,0,0,10,1,4,1,11
9604,3,-1160773870098387881,0,2,2,9,4,3,1,9
9605,3,-6539455475961529427,0,2,2,12,1,5,2,11
9606,3,-4322980780925877401,0,0,0,9,5,3,1,8
9607,3,-6369123931594646051,0,2,2,13,2,4,1,9
9608,3,-2204572297322805336,0,1,1,8,5,2,1,6
9609,3,-8214266684854062334,0,2,2,12,4,4,1,8
9610,3,5493189892412701166,0,1,1,8,5,3,2,12
9611,3,2304674737134177757,0,0,0,8,1,3,1,11
9612,3,-1954829381667777307,0,2,2,11,5,5,2,12
9613,3,-1937544844338874422,0,1,1,10,3,4,2,12
9614,3,-1837607233166964378,0,1,1,11,1,3,1,4
9615,3,7774093975483676468,0,2,2,12,1,6,2,18
9616,3,1169827412951657483,0,0,0,10,4,5,2,14
9617,3,-5686933182433113782,0,2,2,11,3,4,2,9
9618,3,1844058324189145093,0,1,1,11,1,4,2,10
9619,3,5301223208798864114,0,1,1,7,6,2,2,4
9620,3,-3218106256647976148,0,0,0,10,4,5,2,10
9621,3,-2786654232853017346,0,2,2,8,4,3,2,8
9622,3,1042462392777981783,0,2,2,10,4,4,2,10
9623,3,8736639217933840285,0,1,1,9,1,3,2,7
9624,3,-1022638206235409171,0,0,0,11,3,4,1,7
9625,3,-7214827611571511021,0,0,0,9,3,3,1,7
9626,3,5657569844083507900,0,0,0,12,2,6,2,15
9627,3,-5582474831882597460,0,0,0,10,2,5,2,17
9628,3,3025562022425050889,0,0,0,12,4,5,1,13
9629,3,-5098653660981592339,0,0,0,9,2,4,1,10
9630,3,-6665139062949210649,0,1,1,10,2,3,1,8
9631,3,2078741713535762445,0,0,0,10,4,4,2,9
9632,3,-9026115374851309364,0,1,1,9,2,3,1,11
9633,3,6570933855602584995,0,2,2,11,4,5,2,10
9634,3,-5975362981220088992,0,2,2,8,2,3,2,9
9635,3,-4138332914827662688,0,0,0,12,3,5,2,6
9636,3,-1149919685822525032,0,0,0,11,2,4,2,8
9637,3,-355363383288118146,0,0,0,10,5,4,1,15
9638,3,-7354682318584413437,0,0,0,10,2,5,2,16
9639,3,-7297672328048228167,0,2,2,11,4,5,2,12
9640,3,4376008074389743459,0,1,1,10,4,2,1,4
9641,3,-7719340273435755138,0,1,1,8,1,2,1,8
9642,3,6131058920650084479,0,0,0,10,4,4,1,13
9643,3,-6802704031003594334,0,0,0,10,2,4,1,13
9644,3,-1312074026038893257,0,0,0,12,7,4,1,9
9645,3,4922901111327889365,0,0,0,8,7,2,1,6
9646,3,7047238371691909592,0,1,1,15,3,6,2,10
9647,3,-1401865712616873706,0,1,1,11,1,5,2,18
9648,3,2454373393948551601,0,1,1,10,4,3,1,11
9649,3,108702574474349161,0,1,1,9,2,3,1,12
9650,3,-7844139800765952538,0,2,2,11,1,4,1,11
9651,3,7627477918723690952,0,2,2,10,3,4,2,8
9652,3,5135217420758543747,0,0,0,8,2,4,2,14
9653,3,-7854077506168388010,0,0,0,11,1,5,1,14
9654,3,-4163488757309476140,0,0,0,13,2,6,2,12
9655,3,102403703807551450,0,1,1,8,2,2,1,6
9656,3,-2615694979743747597,0,1,1,10,1,4,1,12
9657,3,-909425874118522518,0,2,2,8,2,3,1,13
9658,3,-3995417928355140447,0,2,2,9,1,4,2,12
9659,3,-4062059103278011546,0,1,1,13,1,4,2,9
9660,3,6488262707964018521,0,0,0,11,1,5,2,12
9661,3,6383456559294333096,0,2,2,9,3,4,2,13
9662,3,-7051549745648186462,0,1,1,10,7,2,1,6
9663,3,-4055942783119682823,0,0,0,9,4,4,1,13
9664,3,-2661897308742896731,0,2,2,11,2,4,1,13
9665,3,-4346391622501729594,0,0,0,9,4,3,1,8
9666,3,7866796182810163966,0,0,0,8,5,4,2,10
9667,3,-2059137294149132782,0,1,1,11,6,3,2,5
9668,3,-1210176785807105834,0,0,0,10,7,3,1,9
9669,3,9204080243252488878,0,1,1,8,7,2,1,6
9670,3,8033150659080390449,0,0,0,10,2,4,2,7
9671,3,-8513200571254997080,0,1,1,8,1,2,1,10
9672,3,-5736021494929966204,0,0,0,10,4,4,1,9
9673,3,4540754852509268481,0,1,1,9,3,3,1,8
9674,3,7790418881641755786,0,0,0,8,5,4,2,10
9675,3,-7805384536546699103,0,1,1,9,6,2,1,6
9676,3,1328269361445509463,0,1,1,12,2,4,2,9
9677,3,-7654358373133980785,0,1,1,9,3,4,2,14
9678,3,7326748655354963372,0,0,0,11,2,5,1,14
9679,3,7436704951636263516,0,0,0,9,2,5,2,18
9680,3,494147042246393741,0,2,2,10,4,4,2,10
9681,3,7647836308285246944,0,0,0,13,2,7,2,18
9682,3,6654070853161128465,0,2,2,10,5,5,2,16
9683,3,-6702280081174304472,0,1,1,11,1,4,2,6
9684,3,2251003157212971384,0,1,1,9,1,4,2,12
9685,3,-7998600791343383122,0,1,1,9,3,3,1,9
9686,3,4366601822320168066,0,1,1,9,5,3,1,8
9687,3,-1016658320398666038,0,2,2,8,5,3,2,11
9688,3,-637689917548794114,0,0,0,11,7,5,2,14
9689,3,4032803251259783273,0,1,1,8,2,3,2,10
9690,3,6210877349453601184,0,1,1,9,1,4,2,13
9691,3,6329745574107565308,0,1,1,8,5,1,1,3
9692,3,-3073862515533458665,0,0,0,10,2,4,1,9
9693,3,-1394238640367583566,0,0,0,8,6,4,2,13
9694,3,62187981884511839,0,0,0,9,4,4,1,14
9695,3,4229284139149529064,0,2,2,9,1,4,2,12
9696,3,-6782887242386554285,0,1,1,11,1,5,2,14
9697,3,712786413312640736,0,2,2,10,1,4,2,8
9698,3,7402975118399630981,0,1,1,9,4,2,1,3
9699,3,-6420843617987149647,0,1,1,9,1,3,2,8
9700,3,-8849797538761066158,0,0,0,11,1,5,1,15
9701,3,1422895723186978686,0,0,0,8,7,4,2,12
9702,3,-4139448148245273808,0,2,2,11,2,5,2,12
9703,3,-3175670748225722390,0,1,1,9,3,3,1,7
9704,3,4788440723564710729,0,0,0,9,3,4,1,10
9705,3,1390619316044669386,0,1,1,12,1,4,1,9
9706,3,-2156506649287122611,0,1,1,10,2,3,1,8
9707,3,-5136955835181789156,0,1,1,7,4,3,2,14
9708,3,-6514711683920535420,0,1,1,7,7,2,2,4
9709,3,6024794736231289912,0,2,2,10,1,4,2,10
9710,3,-5237834170271029214,0,0,0,10,3,5,2,12
9711,3,-7756431001491599291,0,0,0,8,6,3,1,11
9712,3,3155578192080618718,0,0,0,11,5,6,2,16
9713,3,-476043216723108626,0,0,0,10,3,4,1,14
9714,3,1548414592171999172,0,1,1,9,2,3,1,8
9715,3,-6046944803862895020,0,0,0,8,1,4,2,14
9716,3,7173975711895062090,0,0,0,10,2,4,1,13
9717,3,-3515721969269873595,0,1,1,9,4,3,1,8
9718,3,1788477534541004706,0,0,0,8,3,3,1,9
9719,3,2529468697637527982,0,1,1,9,5,3,2,11
9720,3,6879094052376683342,0,2,2,11,1,5,2,13
9721,3,5208545329547315022,0,0,0,12,1,4,1,8
9722,3,1911246413071541496,0,1,1,9,3,3,2,6
9723,3,-4769526566500770388,0,1,1,8,3,2,1,2
9724,3,-201397316451563133,0,2,2,8,2,4,2,15
9725,3,3187539222820846154,0,1,1,8,1,4,2,16
9726,3,3220614596334500189,0,2,2,10,2,3,1,7
9727,3,-7667892072321463269,0,2,2,12,2,5,2,12
9728,3,-5719289373081705450,0,0,0,12,2,5,1,15
9729,3,-7615065110422078671,0,2,2,8,5,3,2,9
9730,3,-3753021455703340746,0,1,1,10,7,3,2,6
9731,3,4541858263699050426,0,1,1,9,2,2,1,2
9732,3,-516200258880947638,0,0,0,12,1,4,1,11
9733,3,-939327230144850899,0,0,0,15,2,7,2,10
9734,3,774123552125758016,0,1,1,7,4,2,1,6
9735,3,-6306573050337466689,0,2,2,11,1,5,2,16
9736,3,-6663141296863355404,0,1,1,10,1,3,1,5
9737,3,7977744576098381340,0,0,0,10,6,4,1,12
9738,3,2121628242329817610,0,2,2,8,3,2,1,7
9739,3,219946606890689875,0,1,1,8,3,3,2,10
9740,3,-8562434969991468547,0,1,1,10,2,4,2,12
9741,3,-2747654756240739567,0,2,2,12,3,5,2,12
9742,3,-2981134814117839752,0,0,0,12,1,5,1,11
9743,3,6677429609499164689,0,2,2,9,4,4,2,17
9744,3,8840289472852234468,0,2,2,9,3,4,2,12
9745,3,6658750716243722450,0,0,0,12,2,6,2,14
9746,3,6316059547428037186,0,1,1,12,4,4,1,9
9747,3,3292959138228496011,0,1,1,10,2,4,2,10
9748,3,-5785887860722861254,0,2,2,15,2,7,2,13
9749,3,8503442599835954012,0,2,2,8,4,3,1,10
9750,3,-1014429059406200974,0,2,2,12,2,4,1,6
9751,3,89510237500190149,0,1,1,11,2,2,1,3
9752,3,2498122422383900195,0,1,1,8,6,3,2,10
9753,3,-5892324801788145829,0,2,2,10,1,4,1,12
9754,3,-541599480591767062,0,0,0,7,6,2,1,7
9755,3,-8417745128966829384,0,1,1,10,1,4,2,12
9756,3,-1282865704878296613,0,0,0,13,1,5,1,12
9757,3,661556625368822963,0,0,0,7,5,3,1,13
9758,3,831787053636138972,0,0,0,8,2,3,1,9
9759,3,-901635176411079472,0,1,1,10,3,3,1,11
9760,3,-1327558444048297937,0,0,0,10,5,4,2,9
9761,3,-3654917833792995078,0,1,1,10,1,3,1,9
9762,3,4163395738489075280,0,1,1,8,3,2,1,8
9763,3,-2704225083056355217,0,2,2,11,1,4,2,11
9764,3,-7470606930293325056,0,1,1,11,2,4,2,11
9765,3,7409860287286409723,0,2,2,12,2,4,1,7
9766,3,3285339098288172961,0,0,0,8,4,4,1,19
9767,3,-7068784162631245464,0,1,1,11,1,5,2,14
9768,3,5699612716388252356,0,1,1,10,1,4,1,12
9769,3,4512775399687739444,0,1,1,12,1,4,1,8
9770,3,9128717279354683904,0,0,0,10,2,4,1,13
9771,3,-5533360939474147964,0,0,0,7,3,4,2,16
9772,3,1618320326600205573,0,0,0,9,1,4,1,14
9773,3,2936029056081930584,0,1,1,10,2,4,2,9
9774,3,3067927332553164272,0,2,2,11,2,4,1,10
9775,3,9167320320866846464,0,0,0,9,3,4,2,10
9776,3,738503182644329183,0,2,2,10,3,3,1,8
9777,3,-6251457304005705009,0,0,0,9,4,3,1,11
9778,3,2951104517519672520,0,0,0,11,2,5,2,11
9779,3,-1145315659411273971,0,1,1,13,2,4,2,7
9780,3,-6154712126195228794,0,0,0,11,1,5,2,8
9781,3,-6017965032492366799,0,1,1,10,1,5,2,16
9782,3,793613615108292404,0,0,0,9,2,5,2,16
9783,3,4790142267810832463,0,0,0,9,1,5,2,16
9784,3,-9098202318227632450,0,1,1,8,7,1,1,1
9785,3,8733315006644906447,0,0,0,10,1,5,2,14
9786,3,-7557760072126446668,0,0,0,10,1,4,1,9
9787,3,-4116318693909102241,0,1,1,10,4,4,2,10
9788,3,-8620024630544622751,0,1,1,13,1,5,2,11
9789,3,-7882669095295783126,0,0,0,11,1,6,2,16
9790,3,6661670385757345052,0,0,0,8,1,4,1,15
9791,3,3533507298339755849,0,2,2,9,2,4,2,10
9792,3,2015594231877172701,0,0,0,9,7,4,2,12
9793,3,-494155044301307526,0,1,1,11,4,4,2,4
9794,3,5516418488451014931,0,0,0,10,7,3,1,5
9795,3,-671819454040299505,0,1,1,8,5,3,2,11
9796,3,5863189984708309683,0,0,0,10,3,5,1,15
9797,3,-5141769571514203608,0,2,2,12,5,4,1,10
9798,3,-9018539842847963500,0,1,1,8,6,3,2,10
9799,3,-8668459911962002140,0,2,2,11,5,4,1,12
9800,3,-1461897982205597447,0,2,2,12,1,5,2,12
9801,3,-357845055982741164,0,0,0,13,1,5,2,7
9802,3,-8899966149651256209,0,0,0,11,4,4,2,8
9803,3,-5326694099641328143,0,2,2,10,3,4,1,13
9804,3,5068987740909912281,0,1,1,8,6,2,2,4
9805,3,-1812489861945878448,0,1,1,12,5,4,1,9
9806,3,7879860913598277577,0,2,2,10,2,5,2,16
9807,3,8631074560540908115,0,1,1,11,1,3,1,5
9808,3,1034366432433134096,0,1,1,9,1,3,1,6
9809,3,7576838072678738978,0,2,2,13,2,5,2,13
9810,3,-5706807518367026536,0,0,0,10,1,6,2,20
9811,3,5297842576630129947,0,1,1,9,3,3,1,6
9812,3,-4698576019676155280,0,0,0,8,4,4,1,15
9813,3,-6147028838295494650,0,2,2,11,2,3,1,5
9814,3,5730420180930638376,0,1,1,7,9,2,2,6
9815,3,-2506802498092794227,0,1,1,8,6,3,2,10
9816,3,8132845735431459934,0,0,0,8,1,3,1,9
9817,3,6366137550892068842,0,1,1,8,5,2,1,6
9818,3,-6498727152416305768,0,0,0,10,1,5,2,14
9819,3,7733820486212038369,0,1,1,12,6,5,2,14
9820,3,-5221702812455905964,0,2,2,12,1,5,2,14
9821,3,1669102868214016753,0,1,1,11,1,4,1,13
9822,3,4599983005662565470,0,1,1,10,4,3,1,9
9823,3,-960059709479907130,0,1,1,8,3,3,2,10
9824,3,-1415863327137618848,0,0,0,7,5,3,1,10
9825,3,8402093933124855281,0,2,2,13,1,5,2,13
9826,3,8351041702802011327,0,0,0,9,1,5,2,16
9827,3,-1283454722703283238,0,1,1,9,3,3,2,10
9828,3,-8539414464679597916,0,1,1,8,8,3,2,8
9829,3,7190237090403728884,0,1,1,11,4,4,2,9
9830,3,-2545348094297521576,0,2,2,11,2,5,2,14
9831,3,-8305009773303046349,0,0,0,10,3,4,2,10
9832,3,-1494073084541947948,0,1,1,8,3,2,1,8
9833,3,-2248008502575387973,0,0,0,11,2,5,2,12
9834,3,3459725176920214680,0,1,1,8,4,3,2,10
9835,3,4841881648251460569,0,1,1,9,5,3,2,6
9836,3,1844705849366719675,0,1,1,9,1,4,2,11
9837,3,-6670083476285431498,0,1,1,13,4,5,2,7
9838,3,6389779076566549827,0,0,0,9,3,4,2,13
9839,3,-6555447692863901879,0,0,0,9,1,4,1,15
9840,3,595753720818910646,0,2,2,7,2,3,2,12
9841,3,-2102841404320004595,0,1,1,9,4,4,2,14
9842,3,3180833893213730544,0,1,1,11,1,4,2,5
9843,3,-3720023901960921612,0,2,2,12,3,5,2,10
9844,3,1358273022275105591,0,2,2,9,4,4,2,14
9845,3,858469761225158682,0,0,0,8,7,4,2,11
9846,3,-8109385736027386996,0,1,1,7,4,3,2,10
9847,3,4491766158925303229,0,0,0,10,1,6,2,20
9848,3,6320179847491087939,0,0,0,8,3,4,2,12
9849,3,-805227331591816467,0,1,1,7,9,2,2,4
9850,3,6958744083460268758,0,0,0,9,2,5,2,18
9851,3,2647685637624250495,0,1,1,10,1,3,2,8
9852,3,-326185800215646475,0,0,0,9,2,5,2,16
9853,3,-8698224972531652281,0,2,2,8,4,3,2,7
9854,3,271448430389410016,0,1,1,8,7,2,2,6
9855,3,-1520932798335902075,0,1,1,8,2,3,2,9
9856,3,5532082217615604473,0,1,1,11,1,4,2,8
9857,3,1506840850346973087,0,1,1,11,4,3,1,8
9858,3,511997487150537876,0,2,2,11,1,4,2,11
9859,3,-4116097912464551664,0,1,1,8,1,3,2,6
9860,3,3910999712648528913,0,1,1,10,2,5,2,16
9861,3,-8647844665046581600,0,1,1,9,1,3,1,7
9862,3,-1731168362210871763,0,0,0,11,1,6,2,16
9863,3,9043870638460562645,0,1,1,11,1,5,2,14
9864,3,7727339744533943956,0,2,2,11,4,3,1,7
9865,3,7777099344297166249,0,1,1,9,5,3,2,5
9866,3,-6257912670189707846,0,1,1,9,6,3,2,8
9867,3,-4972636881458041732,0,1,1,11,4,2,1,5
9868,3,4691264415011395562,0,2,2,10,5,5,2,16
9869,3,6389853779241674059,0,1,1,9,1,2,1,7
9870,3,-7925737987684384354,0,2,2,8,4,4,2,15
9871,3,-5850238655435900126,0,1,1,10,2,4,2,10
9872,3,3956220052119655697,0,1,1,7,1,3,2,10
9873,3,-6584298545692206641,0,1,1,9,4,3,2,7
9874,3,2429439659639758098,0,1,1,11,2,4,2,6
9875,3,3857999795497504472,0,2,2,9,5,4,2,12
9876,3,-4506829419157921509,0,0,0,10,1,5,2,14
9877,3,6981963165892863406,0,0,0,11,3,6,2,18
9878,3,-314239146710417758,0,2,2,13,4,4,1,7
9879,3,-4649457971238186207,0,0,0,6,7,2,1,6
9880,3,1270867640702190510,0,1,1,9,4,3,2,10
9881,3,-8356285210031053802,0,0,0,11,2,4,1,10
9882,3,6070449740485254828,0,1,1,10,1,4,2,11
9883,3,5717110943692481400,0,0,0,9,1,4,2,14
9884,3,3475061347709597570,0,1,1,10,1,5,2,16
9885,3,1689464762230041452,0,1,1,10,5,3,1,10
9886,3,3471756776032847332,0,0,0,13,2,5,1,15
9887,3,6951533742673384904,0,0,0,12,5,5,2,14
9888,3,-499178816944604953,0,1,1,9,3,4,2,12
9889,3,-3160723827879346235,0,0,0,10,4,4,1,9
9890,3,-7391904417783364653,0,0,0,9,4,4,1,13
9891,3,4625667520765269234,0,2,2,10,1,4,2,9
9892,3,3862775291597595708,0,0,0,10,2,5,2,12
9893,3,-7236211777883941525,0,0,0,11,3,5,1,11
9894,3,-3994355863897868973,0,0,0,9,2,4,1,15
9895,3,7661876788516653899,0,1,1,8,2,3,2,8
9896,3,6121102301715637369,0,2,2,9,2,4,2,10
9897,3,1281493419771061086,0,2,2,11,1,4,1,15
9898,3,2506151799495990037,0,2,2,10,2,4,1,10
9899,3,-4248728022194774757,0,1,1,9,1,2,1,6
9900,3,440248348981916070,0,1,1,7,6,1,1,4
9901,3,3307616337991288272,0,1,1,12,1,5,2,12
9902,3,-2966606351337144293,0,0,0,13,2,5,1,9
9903,3,3200711856275583774,0,0,0,10,6,4,1,15
9904,3,5121663710408253282,0,0,0,8,3,4,1,15
9905,3,5684523223760548008,0,0,0,8,5,4,2,12
9906,3,-3005007251749392322,0,1,1,11,3,4,1,14
9907,3,-7306343587908545273,0,1,1,13,3,4,1,11
9908,3,5890193153557936989,0,0,0,7,8,3,2,8
9909,3,151462699473220096,0,1,1,10,1,3,1,11
9910,3,-2164744208149987671,0,1,1,10,3,3,1,10
9911,3,6718783415282521081,0,0,0,11,1,5,2,15
9912,3,3312855209328901085,0,1,1,11,2,5,2,13
9913,3,-3900107129653640025,0,0,0,7,6,2,1,7
9914,3,7117958277350120540,0,0,0,12,4,5,2,10
9915,3,3862616413843129612,0,1,1,8,2,3,2,12
9916,3,-7614874893211648451,0,2,2,10,3,4,2,9
9917,3,2477838285957804704,0,2,2,9,3,3,2,4
9918,3,-3231531887378366806,0,1,1,13,2,5,2,11
9919,3,-810842195964556338,0,0,0,8,7,3,1,9
9920,3,5412091109682959722,0,0,0,10,3,4,1,11
9921,3,-4942715844395120735,0,2,2,10,4,3,1,9
9922,3,-8198726469087570501,0,1,1,10,1,4,2,11
9923,3,2407916174369240255,0,1,1,9,2,3,2,6
9924,3,-1878844955195103131,0,0,0,14,3,5,1,9
9925,3,6753722339375076245,0,0,0,10,7,4,2,12
9926,3,-758341395787885813,0,2,2,9,4,3,1,10
9927,3,8766155086342971347,0,0,0,10,1,3,1,6
9928,3,-4770482587716968253,0,0,0,10,5,5,1,15
9929,3,4277778538552982811,0,1,1,8,5,3,2,10
9930,3,-72923379306987543,0,0,0,10,4,4,1,11
9931,3,-5887381443738731788,0,1,1,9,5,2,1,5
9932,3,8249588111587469616,0,1,1,9,4,3,1,13
9933,3,8779781552781321220,0,1,1,7,3,3,2,10
9934,3,7557275808916120569,0,1,1,9,3,3,1,12
9935,3,-8445322506549506946,0,0,0,10,3,5,2,15
9936,3,4882163239124564967,0,2,2,10,1,3,1,9
9937,3,-7053357939693022248,0,0,0,9,3,4,1,13
9938,3,68941356736199602,0,0,0,13,1,7,2,18
9939,3,-2874925217615311423,0,1,1,10,2,4,2,10
9940,3,8036305417617473852,0,1,1,8,4,2,1,6
9941,3,2448097815087531602,0,0,0,11,5,5,2,15
9942,3,-6223425754969719071,0,1,1,10,2,4,2,9
9943,3,-5946201002316475005,0,1,1,8,4,4,2,16
9944,3,8089609472670498322,0,2,2,10,2,4,2,10
9945,3,-2089305938477910560,0,1,1,11,1,3,1,6
9946,3,539565007109535524,0,1,1,9,2,2,1,5
9947,3,-8175832707748834693,0,1,1,8,2,3,2,6
9948,3,1948036882216407653,0,1,1,12,2,3,1,9
9949,3,5432547701398945828,0,0,0,10,1,5,2,11
9950,3,947322275763103344,0,1,1,9,2,3,2,10
9951,3,-6207734277319109161,0,1,1,9,4,2,1,5
9952,3,5405192293655119810,0,1,1,12,4,5,2,14
9953,3,948620291455228021,0,1,1,10,6,3,1,10
9954,3,-1345923061366669940,0,1,1,10,2,4,2,10
9955,3,-4042194276122972745,0,1,1,12,4,4,2,6
9956,3,-109495752431276086,0,0,0,10,4,4,1,13
9957,3,626965966792837727,0,2,2,9,1,3,1,11
9958,3,6137251626701218452,0,0,0,9,7,3,2,6
9959,3,-123136002725032017,0,0,0,8,3,4,1,15
9960,3,-8681085687297764685,0,1,1,9,2,4,2,12
9961,3,9190783854607944735,0,1,1,13,1,4,1,12
9962,3,3700384613413095286,0,0,0,10,8,3,1,7
9963,3,531248337774793545,0,2,2,9,3,4,2,12
9964,3,-5118156486857593402,0,1,1,8,6,2,1,6
9965,3,352560840213193000,0,0,0,8,6,4,2,10
9966,3,-5015307120592465800,0,0,0,13,1,7,2,16
9967,3,3662118671628319873,0,1,1,11,2,4,1,8
9968,3,-4157987724410322462,0,0,0,10,1,5,2,18
9969,3,-5386477424940151648,0,2,2,10,2,3,1,5
9970,3,-4661965944913163600,0,0,0,10,5,5,2,16
9971,3,4595597106304325191,0,0,0,12,2,5,2,8
9972,3,-2050109828218801672,0,0,0,11,3,5,2,12
9973,3,2245876925114635235,0,2,2,8,5,3,2,11
9974,3,1113252573164401291,0,0,0,10,2,5,2,16
9975,3,1550768998775708929,0,0,0,8,3,4,2,13
9976,3,-8033553430440676979,0,1,1,11,3,5,2,14
9977,3,-1219350261105143553,0,0,0,12,3,5,1,13
9978,3,-2646602936111510969,0,1,1,7,5,2,2,6
9979,3,4316875369369155846,0,0,0,9,4,5,2,16
9980,3,-2260588295705509061,0,1,1,8,6,2,1,6
9981,3,-2268086687182088905,0,1,1,13,2,4,1,7
9982,3,-2503717934836989832,0,1,1,11,1,3,1,10
9983,3,2951506026605185316,0,2,2,10,3,4,2,8
9984,3,-40158063375251665,0,1,1,7,7,3,2,12
9985,3,-5806457491070166143,0,1,1,10,2,3,1,10
9986,3,8588825761640294023,0,1,1,9,2,4,2,14
9987,3,-768032504308024038,0,0,0,6,6,3,1,15
9988,3,-6371780849261504083,0,0,0,10,4,5,2,18
9989,3,-4315494525872796920,0,2,2,11,2,5,2,16
9990,3,-7362823855499708626,0,1,1,14,2,5,2,9
9991,3,-3627626236748857313,0,1,1,9,5,3,2,5
9992,3,4645075940362305928,0,1,1,12,1,4,1,11
9993,3,2113347808375310762,0,0,0,11,2,6,2,18
9994,3,-1356297171577557763,0,2,2,11,3,4,2,9
9995,3,-9024334102445345959,0,1,1,12,1,5,2,13
9996,3,-2491641633418776918,0,0,0,11,2,5,2,12
9997,3,-8405722396935233926,0,2,2,10,2,4,2,10
9998,3,6513694674707409112,0,1,1,8,9,1,1,3
9999,3,-1186125063489832857,0,0,0,7,5,3,2,10
10000,3,7401672643329804434,0,0,0,9,7,3,1,8
